288.150000000000	101325.000000000	1.22499946334868	340.294065081952
281.651022373895	89876.4693619619	1.11166154207573	336.434658285515
275.154088852453	79501.7542281240	1.00655764241577	332.531696736279
268.659198471436	70121.6034135824	0.909259889691097	328.583627800214
262.166350267211	61660.9675987647	0.819353470059906	324.588804921789
255.675543276754	54048.8667287014	0.736436516121913	320.545479478203
249.186776537644	47218.2587428928	0.660119991615764	316.451791702376
242.700049088065	41105.9096425013	0.590027575156862	312.305760541216
236.215359966808	35652.2649020964	0.525795542960615	308.105272292399
229.732708213266	30801.3222337217	0.467072650492093	303.848067834962
223.252092867434	26500.5057116356	0.413520012978629	299.531728234966
216.773512969913	22700.5412666975	0.364810984717037	295.153658466185
216.650000000000	19400.0020541341	0.311947128661357	295.069560324341
216.650000000000	16580.1430703756	0.266604509069935	295.069560324341
216.650000000000	14170.8593057940	0.227863835208434	295.069560324341
216.650000000000	12112.2688793802	0.194762221568518	295.069560324341
216.650000000000	10353.2384008803	0.166477456161550	295.069560324341
216.650000000000	8850.10269509195	0.142307414008946	295.069560324341
216.650000000000	7565.57220020411	0.121652488383677	295.069560324341
216.650000000000	6467.80048311449	0.104000596692316	295.069560324341
216.650000000000	5529.58836776317	0.0889143830598398	295.069560324341
217.580853382465	4728.95452616049	0.0757150776365749	295.702775415443
218.574123092392	4047.52126696843	0.0645101875627038	296.376957367567
219.567081420415	3466.89407819902	0.0550061506582929	297.049398572298
220.559728512934	2971.77810963274	0.0469383772093969	297.720110923587
221.552064516260	2549.25653162089	0.0400844241866428	298.389106178192
222.544089576609	2188.41197175747	0.0342571261771685	299.056395957899
223.535803840105	1880.00960772534	0.0292988709224084	299.721991751689
224.527207452785	1616.23165006025	0.0250768245957422	300.385904917860
225.518300560589	1390.45469498431	0.0214789458269751	301.048146686118
226.509083309369	1197.06287055253	0.0184106553454650	301.708728159604
227.499555844884	1031.29089288513	0.0157920510572236	302.367660316903
228.489718312804	889.092137260789	0.0135555772798803	303.024954013994
230.972798404373	767.311128108832	0.0115730697469288	304.667045445546
233.743518158604	663.416144589805	0.00988745157663555	306.488971033502
236.513370945651	574.598626004020	0.00846343757221765	308.299564933340
239.282357172365	498.527488478704	0.00725798960204765	310.099025897791
242.050477245344	433.253639237122	0.00623554167357110	311.887546886038
244.817731570929	377.143924038220	0.00536663620033316	313.665315297821
247.584120555209	328.827080361639	0.00462682101745971	315.432513195498
250.349644604020	287.149410339810	0.00399575507322092	317.189317514832
253.114304122941	251.138342052253	0.00345648155643997	318.935900265185
255.878099517301	219.972408238630	0.00299483571016421	320.672428719770
258.641031192174	192.956458027271	0.00259896125598369	322.399065596552
261.403099552380	169.501145661181	0.00225891461374050	324.115969230356
264.164305002488	149.105922701261	0.00196634025864288	325.823293736698
266.924647946812	131.344906380241	0.00171420385190055	327.521189167826
269.684128789415	115.855114178311	0.00149657239783755	329.209801661408
270.650000000000	102.295780124704	0.00131670230918167	329.798805683101
270.650000000000	90.3371143791710	0.00116277608873856	329.798805683101
270.650000000000	79.7795465594760	0.00102688413004204	329.798805683101
270.650000000000	70.4585595093381	0.000906908847016604	329.798805683101
269.031384398836	62.2148288834557	0.000805617468218183	328.811150024105
266.277067695358	54.8738888340988	0.000717909802469784	327.123651786932
263.523610272216	48.3379106197130	0.000639007937140900	325.427933741495
260.771011727362	42.5254522856449	0.000568103597313113	323.723866468205
258.019271658997	37.3626101187395	0.000504455629611427	322.011317165316
255.268389665572	32.7823868380955	0.000447385023792406	320.290149524053
252.518365345790	28.7241071387194	0.000396270258853838	318.560223597748
249.769198298604	25.1328774636960	0.000350542955454662	316.821395664644
247.020888123217	21.9590870584149	0.000309683817290120	315.073518083966
244.273434419080	19.1579475297755	0.000273218844890740	313.316439144868
241.526836785895	16.6890682945063	0.000240715806105859	311.550002907819
238.781094823615	14.5160654540611	0.000211780948293889	309.774049037947
236.036208132439	12.6062017793428	0.000186055937973265	307.988412629854
233.292176312817	10.9300556270272	0.000163215014390958	306.192924023356
230.548998965449	9.46121674083133	0.000142962344140385	304.387408609556
227.806675691280	8.17600701595765	0.000125029564608407	302.571686626645
225.065206091507	7.05322442343735	0.000109173504652679	300.745572944739
222.324589767573	6.07390840344657	9.51740715067187e-05	298.908876839032
219.584826321171	5.22112514314673	8.28322934815098e-05	297.061401750479
216.845915354239	4.47977125544391	7.19685085799988e-05	295.202945033163
214.262754620690	3.83625156535321	6.23732400515685e-05	293.439385739178
212.307606619848	3.28022918962427	5.38240712149472e-05	292.097500099309
210.353066680988	2.80087415680656	4.63855444518174e-05	290.749841599215
208.399134520489	2.38816398249614	3.99214349295458e-05	289.396329392952
206.445809854904	2.03331359867875	3.43112233221428e-05	288.036880761461
204.493092400966	1.72863169212283	2.94484023630484e-05	286.671411051336
202.540981875580	1.46739264892864	2.52389531822117e-05	285.299833610998
200.589477995830	1.24372252794739	2.15999757053951e-05	283.922059724129
198.638580478973	1.05249763312698	1.84584587277417e-05	282.537998540237
196.688289042444	0.889254389558139	1.57501765049807e-05	281.147557002192
194.738603403852	0.750109351071499	1.34186998413030e-05	279.750639770565
192.789523280984	0.631688279585356	1.14145106996044e-05	278.347149144601
190.841048391798	0.531063338876188	9.69421032372279e-06	276.936984979643
188.893178454432	0.445697538828443	8.21981174936162e-06	275.520044600809
186.867300000000	0.373307746940236	6.95638561445631e-06	274.038586140091
186.867300000000	0.312522567659221	5.82266476769132e-06	274.038586140091
186.867300000000	0.261678191050376	4.87405142283828e-06	274.038586140091
186.867300000000	0.219143594723576	4.08014140013445e-06	274.038586140091
186.867300000000	0.183555841948325	3.41557414813701e-06	274.038586140091
186.867300000000	0.153773960862387	2.85916543413048e-06	274.038586140091
186.963311487951	0.128846195889219	2.39204934125997e-06	274.108976929927
187.252074291498	0.107988149359555	1.99927305077005e-06	274.320574427505
187.735801338201	0.0905408019629409	1.66952553796321e-06	274.674671155075
188.418276403113	0.0759500147652646	1.39310171191924e-06	275.173479999218
189.305006745061	0.0637519240899503	1.16171574897240e-06	275.820227941436
190.403457019457	0.0535591521753017	9.68317023975269e-07	276.619299700742
191.723388972620	0.0450471530090837	8.06907355907289e-07	277.576446343454
193.277345931747	0.0379396635901743	6.72349906875013e-07	278.699082837465
195.081344335247	0.0320043672028472	5.60284290937646e-07	279.996712819368
197.155873633353	0.0271865113245986	4.69431989500849e-07	281.481542897052
199.527374928868	0.0231390207676718	3.93442174955930e-07	283.169391314878
202.230497304089	0.0197376946143284	3.29913662846021e-07	285.081074993909
205.311685361385	0.0168783920837021	2.76815315995981e-07	287.244615798553
208.835194282162	0.0144738566480242	2.32430623345206e-07	289.698941375333
212.893898168355	0.0124510466856461	1.95308702551283e-07	292.500538480341
217.630606756433	0.0107489204698729	1.64219718062589e-07	295.736582089122
223.286033967457	0.00931664664571801	1.38110354573366e-07	299.554496330542
230.331166976607	0.00811228336415715	1.16045108393794e-07	304.243575879245
240	0.00710229523890581	9.70539623163401e-08	310.563693950210
252	0.00625985432005431	8.10942486121508e-08	318.233088160235
264	0.00555336156960606	6.83619253368704e-08	325.721950135388
276	0.00495578176453244	5.80973787186031e-08	333.042458554461
288	0.00444626979961191	4.97416424599336e-08	340.205481437322
300	0.00400867768550933	4.28783826484555e-08	347.220765508055
312	0.00363039558609717	3.71941319097102e-08	354.097091770040
324	0.00330142599127322	3.24501977786441e-08	360.842404381747
336	0.00301375923083933	2.84628633748747e-08	367.463918228715
348	0.00276092168907074	2.50893182144316e-08	373.968209344056
360	0.00253763889700613	2.22175261313689e-08	380.361291405947
371.886381755036	0.00233956343335915	1.97647183820943e-08	386.589630174814
383.548436469881	0.00216303817100452	1.76621992489802e-08	392.604407855521
394.990464528946	0.00200503412292964	1.58490040087969e-08	398.417465656563
406.216682608669	0.00186303993406587	1.42765569853577e-08	404.039607402557
417.231225331408	0.00173495894618394	1.29058223094872e-08	409.480725914028
428.038146886185	0.00161902941879237	1.17051799736549e-08	414.749910005256
438.641422616937	0.00151376209633934	1.06488257654936e-08	419.855535632250
449.044950578955	0.00141789092452559	9.71555410998949e-09	424.805343984697
459.252553064131	0.00133033384310099	8.88782385180999e-09	429.606508750281
469.267978095680	0.00125016137611034	8.15103520867843e-09	434.265694342552
479.094900892926	0.00117657130776845	7.49296578001063e-09	438.789106542567
488.736925306777	0.00110886814312056	6.90332736685757e-09	443.182536736411
498.197585226481	0.00104644635484002	6.37341526978264e-09	447.451400718362
507.480345958249	0.000988776642910623	5.89582889188590e-09	451.600772859939
516.588605576302	0.000935394604341436	5.46424770168608e-09	455.635416309018
525.525696246920	0.000885891340342831	5.07325046212160e-09	459.559809773085
534.294885526029	0.000839905628869390	4.71816849268961e-09	463.378171351289
542.899377630863	0.000797117368397234	4.39496587158814e-09	467.094479806710
551.342314686232	0.000757242059529897	4.10014109528735e-09	470.712493610142
559.626777945902	0.000720026138445569	3.83064593204358e-09	474.235768036941
567.755788989602	0.000685243013295049	3.58381813364552e-09	477.667670557225
575.732310896144	0.000652689683742945	3.35732537960178e-09	481.011394725259
583.559249393133	0.000622183846710197	3.14911837423991e-09	484.269972745024
591.239453983763	0.000593561409424566	2.95739143997911e-09	487.446286864678
598.775719051136	0.000566674345203468	2.78054927924884e-09	490.543079732148
606.170784940577	0.000541388838818473	2.61717883544899e-09	493.562963826670
613.427339020381	0.000517583677466301	2.46602538666377e-09	496.508430066343
620.548016721436	0.000495148850787443	2.32597216706848e-09	499.381855679112
627.535402556135	0.000473984329406539	2.19602293955493e-09	502.185511413785
634.392031117009	0.000453998996403861	2.07528723446098e-09	504.921568158385
641.120388055489	0.000435109710186735	1.96296673307035e-09	507.592103025145
647.722911041187	0.000417240480583314	1.85834530427829e-09	510.199104954476
654.201990702101	0.000400321742763895	1.76077864575112e-09	512.744479884293
660.559971546125	0.000384289715912029	1.66968614509559e-09	515.230055525803
666.799152864239	0.000369085835503978	1.58454363672561e-09	517.657585782333
672.921789615752	0.000354656249678010	1.50487708729530e-09	520.028754843806
678.930093295960	0.000340951371539492	1.43025707761170e-09	522.345180985945
684.826232786561	0.000327925480398432	1.36029396952881e-09	524.608420100281
690.612335189202	0.000315536365908838	1.29463366343142e-09	526.819968978296
696.290486642465	0.000303745009904248	1.23295386617706e-09	528.981268370678
701.862733122651	0.000292515301424932	1.17496080128623e-09	531.093705840579
707.331081228672	0.000281813781030069	1.12038630316800e-09	533.158618427863
712.697498951381	0.000271609410998846	1.06898524557339e-09	535.177295139739
717.963916427648	0.000261873368462026	1.02053326155755e-09	537.150979281643
723.132226679491	0.000252578858881087	9.74824718223189e-10	539.080870640982
728.204286338557	0.000243700947615474	9.31670914597482e-10	540.968127535143
733.181916356258	0.000235216407597301	8.90898475310079e-10	542.813868734153
738.066902699844	0.000227103581374002	8.52347916416292e-10	544.619175267432
742.860997034685	0.000219342255988293	8.15872362848224e-10	546.385092123235
747.565917393067	0.000211913549346127	7.81336399662491e-10	548.112629848652
752.183348829742	0.000204799806881100	7.48615041557072e-10	549.802766057314
756.714944064514	0.000197984507461181	7.17592807109375e-10	551.456446851400
761.162324112125	0.000191452177603769	6.88162885893418e-10	553.074588163930
765.527078899681	0.000185188313170053	6.60226388105546e-10	554.658077026871
769.810767871881	0.000179179307801721	6.33691667600997e-10	556.207772770120
774.014920584285	0.000173412387443859	6.08473710346401e-10	557.724508156019
778.141037284871	0.000167875550369017	5.84493581250815e-10	559.209090453676
782.190589484100	0.000162557512179926	5.61677923170085e-10	560.662302457059
786.165020513736	0.000157447655323670	5.39958502604900e-10	562.084903450485
790.065746074634	0.000152535982698936	5.19271797246039e-10	563.477630124876
793.894154773724	0.000147813074981085	4.99558621073183e-10	564.841197447890
797.651608650401	0.000143270051328234	4.80763783198990e-10	566.176299490797
801.339443692540	0.000138898533165394	4.62835777074449e-10	567.483610214766
804.958970342338	0.000134690610774008	4.45726497045268e-10	568.763784219029
808.511473992190	0.000130638812441154	4.29390979577479e-10	570.017457453219
811.998215470795	0.000126736075946595	4.13787166759674e-10	571.245247895992
815.420431519691	0.000122975722187340	3.98875689944985e-10	572.447756201936
818.779335260403	0.000119351430758460	3.84619671621282e-10	573.625566318576
822.076116652405	0.000115857217326047	3.70984543797987e-10	574.779246075215
825.311942942063	0.000112487412643546	3.57937881374769e-10	575.909347745188
828.487959102752	0.000109236643076469	3.45449249114495e-10	577.016408583024
831.605288266317	0.000106099812512818	3.33490060982169e-10	578.100951337909
834.665032146050	0.000103072085547704	3.22033450735875e-10	579.163484744738
837.668271451357	0.000100148871840610	3.11054152766060e-10	580.204503993977
840.616066294276	9.73258115528428e-05	3.00528392278429e-10	581.224491181470
843.509456588010	9.45987617807334e-05	2.90433784003287e-10	582.223915739247
846.349462437637	9.19637839076068e-05	2.80749238693224e-10	583.203234848329
849.137084523147	8.94171318041179e-05	2.71454876741282e-10	584.162893834478
851.873304474961	8.69552408125956e-05	2.62531948314910e-10	585.103326547740
854.559085242089	8.45747174564492e-05	2.53962759457467e-10	586.024955726628
857.195371453061	8.22723298206670e-05	2.45730603660046e-10	586.928193347706
859.783089769781	8.00449985538917e-05	2.37819698451893e-10	587.813440961296
862.323149234451	7.78897884466424e-05	2.30215126598878e-10	588.681090014004
864.816441609691	7.58039005439673e-05	2.22902781536530e-10	589.531522158689
867.263841711996	7.37846647541310e-05	2.15869316697324e-10	590.365109552500
869.666207738662	7.18295329180920e-05	2.09102098422331e-10	591.182215143528
872.024381588320	6.99360723072550e-05	2.02589162174301e-10	591.983192946642
874.339189175179	6.81019595195669e-05	1.96319171793943e-10	592.768388308978
876.611440737139	6.63249747463654e-05	1.90281381563477e-10	593.538138165599
878.841931137860	6.46029963844999e-05	1.84465600861601e-10	594.292771285738
881.031440162934	6.29339959702231e-05	1.78862161212441e-10	595.032608510094
883.180732810266	6.13160334131084e-05	1.73461885547487e-10	595.757962979547
885.290559574772	5.97472525099117e-05	1.68256059514747e-10	596.469140355697
887.361656727524	5.82258767197807e-05	1.63236404682954e-10	597.166439033582
889.394746589434	5.67502051835981e-05	1.58395053501160e-10	597.850150346917
891.390537799599	5.53186089715022e-05	1.53724525885392e-10	598.520558766183
893.349725578405	5.39295275438130e-05	1.49217707314437e-10	599.177942089861
895.272991985497	5.25814654116309e-05	1.44867828326179e-10	599.822571629126
897.161006172712	5.12729889843774e-05	1.40668445314560e-10	600.454712386250
899.014424632086	5.00027235924495e-05	1.36613422535118e-10	601.074623227000
900.833891439017	4.87693506739990e-05	1.32696915234223e-10	601.682557047270
902.620038490694	4.75716051156029e-05	1.28913353823694e-10	602.278760934185
904.373485739873	4.64082727373185e-05	1.25257429028520e-10	602.863476321897
906.094841424105	4.52781879132637e-05	1.21724077940911e-10	603.436939142309
907.784702290497	4.41802313194712e-05	1.18308470918975e-10	603.999379970900
909.443653816092	4.31133278013265e-05	1.15005999272923e-10	604.551024167869
911.072270423966	4.20764443534134e-05	1.11812263685979e-10	605.092092014773
912.671115695116	4.10685882050819e-05	1.08723063321095e-10	605.622798846842
914.240742576226	4.00888050054818e-05	1.05734385568131e-10	606.143355181121
915.781693583394	3.91361771022333e-05	1.02842396389486e-10	606.653966840629
917.294501001894	3.82098219082717e-05	1.00043431225197e-10	607.154835074658
918.779687082061	3.73088903517737e-05	9.73339864213409e-11	607.646156675374
920.237764231362	3.64325654043955e-05	9.47107111481513e-11	608.128124090859
921.669235202743	3.55800606833460e-05	9.21703997765951e-11	608.600925534717
923.074593279316	3.47506191231261e-05	8.97099846844320e-11	609.064745092384
924.454322455455	3.39435117130117e-05	8.73265294647442e-11	609.519762824248
925.808897614384	3.31580362966073e-05	8.50172225118159e-11	609.966154865713
927.138784702317	3.23935164300299e-05	8.27793709609731e-11	610.404093524295
928.444440899217	3.16493002954921e-05	8.06103949605884e-11	610.833747373883
929.726314786249	3.09247596672496e-05	7.85078222559419e-11	611.255281346241
930.984846509981	3.02192889270749e-05	7.64692830660077e-11	611.668856819866
932.220467943404	2.95323041265745e-05	7.44925052354809e-11	612.074631706282
933.433602843836	2.88632420938401e-05	7.25753096455529e-11	612.472760533874
934.624667007763	2.82115595820711e-05	7.07156058680399e-11	612.863394529328
935.794068422682	2.75767324579447e-05	6.89113880484597e-11	613.246681696779
936.942207416006	2.69582549276456e-05	6.71607310046188e-11	613.622766894728
938.069476801088	2.63556387985813e-05	6.54617865281162e-11	613.991791910817
939.176262020414	2.57684127749339e-05	6.38127798769985e-11	614.353895534523
940.262941286035	2.51961217853009e-05	6.22120064485593e-11	614.709213627852
941.329885717278	2.46383263407762e-05	6.06578286219466e-11	615.057879194083
942.377459475793	2.40946019219232e-05	5.91486727609360e-11	615.400022444643
943.406019897997	2.35645383931722e-05	5.76830263677922e-11	615.735770864168
944.415917624951	2.30477394432657e-05	5.62594353797479e-11	616.065249273803
945.407496729738	2.25438220504430e-05	5.48765016001166e-11	616.388579892803
946.381094842368	2.20524159711371e-05	5.35328802565763e-11	616.705882398491
947.337043272291	2.15731632510182e-05	5.22272776796007e-11	617.017273984625
948.275667128524	2.11057177572873e-05	5.09584490944559e-11	617.322869418218
949.197285437478	2.06497447311806e-05	4.97251965205656e-11	617.622781094867
950.102211258503	2.02049203597015e-05	4.85263667724281e-11	617.917119092635
950.990751797210	1.97709313656542e-05	4.73608495566212e-11	618.205991224529
951.863208516603	1.93474746150962e-05	4.62275756597374e-11	618.489503089618
952.719877246077	1.89342567413814e-05	4.51255152224218e-11	618.767758122840
953.561048288310	1.85309937850050e-05	4.40536760949498e-11	619.040857643521
954.387006524098	1.81374108485014e-05	4.30111022700483e-11	619.308900902665
955.198031515175	1.77532417656932e-05	4.19968723889317e-11	619.571985129037
955.994397605050	1.73782287846170e-05	4.10100983167327e-11	619.830205574084
956.776374017901	1.70121222634939e-05	4.00499237837463e-11	620.083655555720
957.544224955576	1.66546803791405e-05	3.91155230890971e-11	620.332426501019
958.298209692721	1.63056688472507e-05	3.82060998636401e-11	620.576607987841
959.038582670079	1.59648606540035e-05	3.73208858890804e-11	620.816287785422
959.765593586001	1.56320357984859e-05	3.64591399704697e-11	621.051551893963
960.479487486193	1.53069810454396e-05	3.56201468593964e-11	621.282484583240
961.180504851742	1.49894896878669e-05	3.48032162253247e-11	621.509168430273
961.868881685452	1.46793613190588e-05	3.40076816727029e-11	621.731684356070
962.544849596522	1.43764016136215e-05	3.32328998015582e-11	621.950111661476
963.208635883596	1.40804221171055e-05	3.24782493094493e-11	622.164528062161
963.860463616224	1.37912400438608e-05	3.17431301327497e-11	622.375009722755
964.500551714759	1.35086780827523e-05	3.10269626253417e-11	622.581631290168
965.129115028717	1.32325642103989e-05	3.03291867729145e-11	622.784465926113
965.746364413645	1.29627315116061e-05	2.96492614411476e-11	622.983585338845
966.352506806507	1.26990180066845e-05	2.89866636561554e-11	623.179059814159
966.947745299627	1.24412664853560e-05	2.83408879156551e-11	623.370958245643
967.532279213220	1.21893243469694e-05	2.77114455293982e-11	623.559348164222
968.106304166530	1.19430434467548e-05	2.70978639874883e-11	623.744295767008
968.670012147607	1.17022799478628e-05	2.64996863552703e-11	623.925865945474
969.223591581752	1.14668941789451e-05	2.59164706935546e-11	624.104122312970
969.767227398645	1.12367504970429e-05	2.53477895029914e-11	624.279127231600
970.301101098200	1.10117171555645e-05	2.47932291914870e-11	624.450941838475
970.825390815149	1.07916661771388e-05	2.42523895635930e-11	624.619626071360
971.340271382399	1.05764732311442e-05	2.37248833308673e-11	624.785238693733
971.845914393177	1.03660175157213e-05	2.32103356422475e-11	624.947837319265
972.342488261988	1.01601816440851e-05	2.27083836335322e-11	625.107478435745
972.830158284404	9.95885153496217e-06	2.22186759951029e-11	625.264217428455
973.309086695718	9.76191630698632e-06	2.17408725570737e-11	625.418108603015
973.779432728478	9.56926817689152e-06	2.12746438910826e-11	625.569205207714
974.241352668913	9.38080236135108e-06	2.08196709279883e-11	625.717559455332
974.694999912298	9.19641698231692e-06	2.03756445907677e-11	625.863222544475
975.140525017254	9.01601297571935e-06	1.99422654419417e-11	626.006244680426
975.578075759008	8.83949400339453e-06	1.95192433448939e-11	626.146675095533
976.007797181651	8.66676636811239e-06	1.91062971384756e-11	626.284562069143
976.429831649392	8.49773893158326e-06	1.87031543243176e-11	626.419952947090
976.844318896830	8.33232303532636e-06	1.83095507663007e-11	626.552894160747
977.251396078286	8.17043242428965e-06	1.79252304016611e-11	626.683431245668
977.651197816175	8.01198317311383e-06	1.75499449632315e-11	626.811608859805
978.043856248474	7.85689361493804e-06	1.71834537123413e-11	626.937470801332
978.429501075276	7.70508427265072e-06	1.68255231819243e-11	627.061060026076
978.808259604467	7.55647779249153e-06	1.64759269294037e-11	627.182418664568
979.180256796525	7.41099887991425e-06	1.61344452989376e-11	627.301588038718
979.545615308474	7.26857423762582e-06	1.58008651926379e-11	627.418608678130
979.904455537003	7.12913250571878e-06	1.54749798503846e-11	627.533520336060
980.256895660761	6.99260420381841e-06	1.51565886378792e-11	627.646362005032
980.603051681852	6.85892167516942e-06	1.48454968425967e-11	627.757171932112
980.943037466538	6.72801903258926e-06	1.45415154773093e-11	627.865987633854
981.276964785180	6.59983210621914e-06	1.42444610908726e-11	627.972845910930
981.604943351404	6.47429839300608e-06	1.39541555859760e-11	628.077782862434
981.927080860540	6.35135700785223e-06	1.36704260435759e-11	628.180833899893
982.243483027322	6.23094863637006e-06	1.33931045537384e-11	628.282033760968
982.554253622876	6.11301548918534e-06	1.31220280526358e-11	628.381416522871
982.859494511008	5.99750125773028e-06	1.28570381654461e-11	628.479015615490
983.159305683804	5.88435107147435e-06	1.25979810549226e-11	628.574863834241
983.453785296552	5.77351145653933e-06	1.23447072754059e-11	628.668993352642
983.743029702008	5.66493029565010e-06	1.20970716320622e-11	628.761435734628
984.027133484006	5.55855678937203e-06	1.18549330451416e-11	628.852221946602
984.306189490445	5.45434141858997e-06	1.16181544190594e-11	628.941382369232
984.580288865631	5.35223590818448e-06	1.13866025161102e-11	629.028946809004
984.849521082029	5.25219319186211e-06	1.11601478346344e-11	629.114944509526
985.113973971398	5.15416737810008e-06	1.09386644914635e-11	629.199404162604
985.373733755348	5.05811371716541e-06	1.07220301084790e-11	629.282353919084
985.628885075312	4.96398856917102e-06	1.05101257031259e-11	629.363821399461
985.879511021955	4.87174937313271e-06	1.03028355827280e-11	629.443833704278
986.125693164028	4.78135461699213e-06	1.01000472424602e-11	629.522417424304
986.367511576676	4.69276380857208e-06	9.90165126683845e-12	629.599598650497
986.605044869211	4.60593744743229e-06	9.70754123459274e-12	629.675402983774
986.838370212360	4.52083699759440e-06	9.51761362679562e-12	629.749855544561
987.067563365002	4.43742486110653e-06	9.33176773812351e-12	629.822980982164
987.292698700400	4.35566435241834e-06	9.14990559113245e-12	629.894803483934
987.513849231931	4.27551967353999e-06	8.97193185343680e-12	629.965346784252
987.731086638342	4.19695588995687e-06	8.79775375768031e-12	630.034634173324
987.944481288525	4.11993890727617e-06	8.62728102419839e-12	630.102688505803
988.154102265820	4.04443544857950e-06	8.46042578627008e-12	630.169532209226
988.360017391869	3.97041303245834e-06	8.29710251786478e-12	630.235187292286
988.562293250016	3.89783995170929e-06	8.13722796379202e-12	630.299675352935
988.760995208266	3.82668525266764e-06	7.98072107216688e-12	630.363017586316
988.956187441814	3.75691871515704e-06	7.82750292910491e-12	630.425234792540
989.147932955147	3.68851083303600e-06	7.67749669556735e-12	630.486347384306
989.336293603737	3.62143279532082e-06	7.53062754627759e-12	630.546375394361
989.521330115315	3.55565646786619e-06	7.38682261063441e-12	630.605338482817
989.703102110754	3.49115437558528e-06	7.24601091555010e-12	630.663255944310
989.881668124561	3.42789968519164e-06	7.10812333014475e-12	630.720146715026
990.057085624970	3.36586618844574e-06	6.97309251222953e-12	630.776029379578
990.229411033677	3.30502828589022e-06	6.84085285651654e-12	630.830922177750
990.398699745190	3.24536097105763e-06	6.71134044449296e-12	630.884843011099
990.565006145819	3.18683981513574e-06	6.58449299590103e-12	630.937809449431
990.728383632313	3.12944095207534e-06	6.46024982176705e-12	630.989838737146
990.888884630147	3.07314106412692e-06	6.33855177892550e-12	631.040947799454
991.046560611459	3.01791736779193e-06	6.21934122598508e-12	631.091153248468
991.201462112661	2.96374760017612e-06	6.10256198068753e-12	631.140471389180
991.353638751710	2.91061000573139e-06	5.98815927860953e-12	631.188918225307
991.503139245064	2.85848332337506e-06	5.87607973316281e-12	631.236509465033
991.650011424313	2.80734677397296e-06	5.76627129684494e-12	631.283260526633
991.794302252503	2.75718004817670e-06	5.65868322370079e-12	631.329186543980
991.936057840154	2.70796329460306e-06	5.55326603295152e-12	631.374302371949
992.075323460973	2.65967710834479e-06	5.44997147375070e-12	631.418622591716
992.212143567281	2.61230251980299e-06	5.34875249103051e-12	631.462161515943
992.346561805148	2.56582098383083e-06	5.24956319240010e-12	631.504933193870
992.478621029239	2.52021436917884e-06	5.15235881606035e-12	631.546951416305
992.608363317393	2.47546494823278e-06	5.05709569970115e-12	631.588229720509
992.735829984919	2.43155538703518e-06	4.96373125034862e-12	631.628781394994
992.861061598635	2.38846873558138e-06	4.87222391512880e-12	631.668619484222
992.984097990636	2.34618841838219e-06	4.78253315291896e-12	631.707756793209
993.104978271810	2.30469822528463e-06	4.69461940685533e-12	631.746205892050
993.223740845096	2.26398230254351e-06	4.60844407767044e-12	631.783979120340
993.340423418507	2.22402514413562e-06	4.52396949783112e-12	631.821088591520
993.455063017891	2.18481158330972e-06	4.44115890645162e-12	631.857546197135
993.567695999472	2.14632678436480e-06	4.35997642495571e-12	631.893363611006
993.678358062145	2.10855623465030e-06	4.28038703346401e-12	631.928552293325
993.787084259549	2.07148573678112e-06	4.20235654788171e-12	631.963123494670
993.893909011911	2.03510140106150e-06	4.12585159766498e-12	631.997088259934
993.998866117667	1.99938963811110e-06	4.05083960424290e-12	632.030457432191
994.101988764876	1.96433715168783e-06	3.97728876007471e-12	632.063241656477
994.203309542409	1.92993093170106e-06	3.90516800832086e-12	632.095451383498
994.302860450942	1.89615824741009e-06	3.83444702310888e-12	632.127096873275
994.400672913732	1.86300664080219e-06	3.76509619037448e-12	632.158188198704
994.496777787202	1.83046392014495e-06	3.69708658925953e-12	632.188735249063
994.591205371325	1.79851815370808e-06	3.63038997404945e-12	632.218747733438
994.683985419816	1.76715766364925e-06	3.56497875663188e-12	632.248235184093
994.775147150133	1.73637102005994e-06	3.50082598946160e-12	632.277206959765
994.864719253295	1.70614703516604e-06	3.43790534901439e-12	632.305672248907
994.952729903513	1.67647475767903e-06	3.37619111971492e-12	632.333640072858
995.039206767646	1.64734346729332e-06	3.31565817832341e-12	632.361119288957
995.124177014481	1.61874266932566e-06	3.25628197876737e-12	632.388118593600
995.207667323838	1.59066208949247e-06	3.19803853740359e-12	632.414646525232
995.289703895510	1.56309166882115e-06	3.14090441869758e-12	632.440711467284
995.370312458030	1.53602155869180e-06	3.08485672130755e-12	632.466321651059
995.449518277289	1.50944211600518e-06	3.02987306455940e-12	632.491485158552
995.527346164974	1.48334389847381e-06	2.97593157530203e-12	632.516209925226
995.603820486872	1.45771766003253e-06	2.92301087513012e-12	632.540503742729
995.678965171000	1.43255434636523e-06	2.87109006796376e-12	632.564374261564
995.752803715598	1.40784509054433e-06	2.82014872797337e-12	632.587828993700
995.825359196970	1.38358120878019e-06	2.77016688784004e-12	632.610875315146
995.896654277175	1.35975419627705e-06	2.72112502734055e-12	632.633520468459
995.966711211582	1.33635572319273e-06	2.67300406224723e-12	632.655771565221
996.035551856283	1.31337763069917e-06	2.62578533353343e-12	632.677635588458
996.103197675368	1.29081192714109e-06	2.57945059687503e-12	632.699119395017
996.169669748065	1.26865078428989e-06	2.53398201243924e-12	632.720229717897
996.234988775752	1.24688653369041e-06	2.48936213495188e-12	632.740973168535
996.299175088831	1.22551166309782e-06	2.44557390403509e-12	632.761356239051
996.362248653484	1.20451881300231e-06	2.40260063480695e-12	632.781385304451
996.424229078302	1.18390077323904e-06	2.36042600873560e-12	632.801066624780
996.485135620784	1.16365047968128e-06	2.31903406474009e-12	632.820406347246
996.544987193725	1.14376101101410e-06	2.27840919053049e-12	632.839410508297
996.603802371487	1.12422558558692e-06	2.23853611418062e-12	632.858085035658
996.661599396142	1.10503755834237e-06	2.19939989592608e-12	632.876435750333
996.718396183515	1.08619041781969e-06	2.16098592018125e-12	632.894468368569
996.774210329110	1.06767778323046e-06	2.12327988776860e-12	632.912188503779
996.829059113924	1.04949340160494e-06	2.08626780835428e-12	632.929601668433
996.882959510162	1.03163114500701e-06	2.04993599308402e-12	632.946713275911
996.935928186835	1.01408500781582e-06	2.01427104741306e-12	632.963528642324
996.987981515266	9.96849104072674e-07	1.97925986412524e-12	632.980052988293
997.039135574488	9.79917664891011e-07	1.94488961653503e-12	632.996291440707
997.089406156546	9.63285035928144e-07	1.91114775186755e-12	633.012249034438
997.138808771696	9.46945674917054e-07	1.87802198481161e-12	633.027930714023
997.187358653517	9.30894149256561e-07	1.84550029124044e-12	633.043341335327
997.235070763920	9.15125133658457e-07	1.81357090209553e-12	633.058485667157
997.281959798073	8.99633407850115e-07	1.78222229742895e-12	633.073368392861
997.328040189225	8.84413854331004e-07	1.75144320059940e-12	633.087994111887
997.373326113454	8.69461456181915e-07	1.72122257261798e-12	633.102367341320
997.417831494320	8.54771294925353e-07	1.69154960663902e-12	633.116492517384
997.461570007428	8.40338548435855e-07	1.66241372259224e-12	633.130373996920
997.504555084923	8.26158488898942e-07	1.63380456195194e-12	633.144016058834
997.546799919883	8.12226480817484e-07	1.60571198263967e-12	633.157422905523
997.588317470647	7.98537979064212e-07	1.57812605405640e-12	633.170598664264
997.629120465054	7.85088526979257e-07	1.55103705224074e-12	633.183547388589
997.669221404609	7.71873754511452e-07	1.52443545514939e-12	633.196273059626
997.708632568571	7.58889376402468e-07	1.49831193805691e-12	633.208779587419
997.747366017966	7.46131190412558e-07	1.47265736907099e-12	633.221070812222
997.785433599527	7.33595075586855e-07	1.44746280476034e-12	633.233150505770
997.822846949560	7.21276990561316e-07	1.42271948589199e-12	633.245022372523
997.859617497743	7.09172971907266e-07	1.39841883327507e-12	633.256690050892
997.895756470848	6.97279132513450e-07	1.37455244370791e-12	633.268157114438
997.931274896408	6.85591660004853e-07	1.35111208602591e-12	633.279427073053
997.966183606300	6.74106815197232e-07	1.32808969724721e-12	633.290503374111
998.000493240277	6.62820930586546e-07	1.30547737881373e-12	633.301389403609
998.034214249425	6.51730408872364e-07	1.28326739292466e-12	633.312088487277
998.067356899566	6.40831721514444e-07	1.26145215896018e-12	633.322603891672
998.099931274589	6.30121407321650e-07	1.24002424999283e-12	633.332938825252
998.131947279728	6.19596071072445e-07	1.21897638938425e-12	633.343096439428
998.163414644778	6.09252382166132e-07	1.19830144746489e-12	633.353079829599
998.194342927248	5.99087073304079e-07	1.17799243829444e-12	633.362892036164
998.224741515462	5.89096939200282e-07	1.15804251650104e-12	633.372536045520
998.254619631601	5.79278835320469e-07	1.13844497419686e-12	633.382014791037
998.283986334688	5.69629676649099e-07	1.11919323796833e-12	633.391331154022
998.312850523524	5.60146436483511e-07	1.10028086593869e-12	633.400487964653
998.341220939560	5.50826145254693e-07	1.08170154490132e-12	633.409488002910
998.369106169730	5.41665889373862e-07	1.06344908752161e-12	633.418333999479
998.396514649221	5.32662810104352e-07	1.04551742960580e-12	633.427028636641
998.423454664199	5.23814102458213e-07	1.02790062743505e-12	633.435574549150
998.449934354481	5.15117014116837e-07	1.01059285516283e-12	633.443974325086
998.475961716165	5.06568844375065e-07	9.93588402274075e-13	633.452230506701
998.501544604203	4.98166943108285e-07	9.76881671104600e-13	633.460345591244
998.526690734933	4.89908709761923e-07	9.60467174419061e-13	633.468322031772
998.551407688565	4.81791592362731e-07	9.44339533045915e-13	633.476162237946
998.575702911620	4.73813086551486e-07	9.28493473568057e-13	633.483868576813
998.599583719325	4.65970734636534e-07	9.12923826067650e-13	633.491443373576
998.623057297964	4.58262124667588e-07	8.97625521923514e-13	633.498888912343
998.646130707187	4.50684889529527e-07	8.82593591660159e-13	633.506207436870
998.668810882277	4.43236706055493e-07	8.67823162846716e-13	633.513401151283
998.691104636375	4.35915294158995e-07	8.53309458044751e-13	633.520472220795
998.713018662666	4.28718415984505e-07	8.39047792803615e-13	633.527422772404
998.734559536524	4.21643875076125e-07	8.25033573702119e-13	633.534254895576
998.755733717618	4.14689515563914e-07	8.11262296435382e-13	633.540970642926
998.776547551981	4.07853221367444e-07	7.97729543945655e-13	633.547572030873
998.797007274039	4.01132915416254e-07	7.84430984596156e-13	633.554061040294
998.817119008608	3.94526558886700e-07	7.71362370386601e-13	633.560439617160
998.836888772849	3.88032150454915e-07	7.58519535209551e-13	633.566709673163
998.856322478191	3.81647725565498e-07	7.45898393146566e-13	633.572873086329
998.875425932218	3.75371355715499e-07	7.33494936802977e-13	633.578931701623
998.894204840522	3.69201147753454e-07	7.21305235680566e-13	633.584887331541
998.912664808524	3.63135243193069e-07	7.09325434587040e-13	633.590741756691
998.930811343257	3.57171817541167e-07	6.97551752081348e-13	633.596496726365
998.948649855126	3.51309079639738e-07	6.85980478954207e-13	633.602153959098
998.966185659624	3.45545271021571e-07	6.74607976742616e-13	633.607715143221
998.983423979028	3.39878665279305e-07	6.63430676277797e-13	633.613181937397
999.000369944058	3.34307567447543e-07	6.52445076265604e-13	633.618555971156
999.017028595506	3.28830313397718e-07	6.41647741898613e-13	633.623838845412
999.033404885840	3.23445269245509e-07	6.31035303499241e-13	633.629032132977
999.049503680775	3.18150830770360e-07	6.20604455192862e-13	633.634137379062
999.065329760815	3.12945422847033e-07	6.10351953610514e-13	633.639156101770
999.080887822772	3.07827498888783e-07	6.00274616620264e-13	633.644089792579
999.096182481253	3.02795540301920e-07	5.90369322086546e-13	633.648939916818
999.111218270120	2.97848055951584e-07	5.80633006656948e-13	633.653707914133
999.125999643929	2.92983581638388e-07	5.71062664575611e-13	633.658395198946
999.140530979335	2.88200679585699e-07	5.61655346522622e-13	633.663003160904
999.154816576479	2.83497937937422e-07	5.52408158478944e-13	633.667533165318
999.168860660345	2.78873970265925e-07	5.43318260616050e-13	633.671986553601
999.182667382096	2.74327415089948e-07	5.34382866209772e-13	633.676364643693
999.196240820384	2.69856935402302e-07	5.25599240577859e-13	633.680668730473
999.209584982635	2.65461218207070e-07	5.16964700040501e-13	633.684900086177
999.222703806314	2.61138974066159e-07	5.08476610903437e-13	633.689059960798
999.235601160166	2.56888936654989e-07	5.00132388463026e-13	633.693149582478
999.248280845433	2.52709862327110e-07	4.91929496036327e-13	633.697170157903
999.260746597054	2.48600529687547e-07	4.83865443997960e-13	633.701122872679
999.273002084836	2.44559739174694e-07	4.75937788858741e-13	633.705008891709
999.285050914607	2.40586312650600e-07	4.68144132350092e-13	633.708829359562
999.296896629354	2.36679092999398e-07	4.60482120531474e-13	633.712585400830
999.308542710332	2.32836943733754e-07	4.52949442916902e-13	633.716278120485
999.319992578158	2.29058748609167e-07	4.45543831620118e-13	633.719908604230
999.331249593883	2.25343411245923e-07	4.38263060517902e-13	633.723477918833
999.342317060047	2.21689854758529e-07	4.31104944431116e-13	633.726987112473
999.353198221713	2.18097021392544e-07	4.24067338323202e-13	633.730437215061
999.363896267484	2.14563872168525e-07	4.17148136515479e-13	633.733829238568
999.374414330497	2.11089386533057e-07	4.10345271919110e-13	633.737164177340
999.384755489412	2.07672562016269e-07	4.03656715282463e-13	633.740443008416
999.394922769364	2.04312413897612e-07	3.97080474457248e-13	633.743666691826
999.404919142915	2.01007974875914e-07	3.90614593675591e-13	633.746836170899
999.414747530982	1.97758294747465e-07	3.84257152845243e-13	633.749952372555
999.424410803745	1.94562440090002e-07	3.78006266858739e-13	633.753016207597
999.433911781543	1.91419493952899e-07	3.71860084916990e-13	633.756028570994
999.443253235758	1.88328555553392e-07	3.65816789866926e-13	633.758990342163
999.452437889673	1.85288739978756e-07	3.59874597552940e-13	633.761902385243
999.461468419322	1.82299177894272e-07	3.54031756181746e-13	633.764765549364
999.470347454322	1.79359015256860e-07	3.48286545700373e-13	633.767580668913
999.479077578694	1.76467413034317e-07	3.42637277187068e-13	633.770348563796
999.487661331661	1.73623546929972e-07	3.37082292254704e-13	633.773070039689
999.496101208443	1.70826607112676e-07	3.31619962466481e-13	633.775745888293
999.504399661027	1.68075797952037e-07	3.26248688763648e-13	633.778376887580
999.512559098930	1.65370337758736e-07	3.20966900904921e-13	633.780963802034
999.520581889946	1.62709458529904e-07	3.15773056917441e-13	633.783507382889
999.528470360880	1.60092405699350e-07	3.10665642558889e-13	633.786008368363
999.536226798269	1.57518437892638e-07	3.05643170790602e-13	633.788467483886
999.543853449089	1.54986826686846e-07	3.00704181261421e-13	633.790885442328
999.551352521453	1.52496856374945e-07	2.95847239802007e-13	633.793262944217
999.558726185291	1.50047823734689e-07	2.91070937929436e-13	633.795600677957
999.565976573022	1.47639037801924e-07	2.86373892361808e-13	633.797899320045
999.573105780213	1.45269819648253e-07	2.81754744542706e-13	633.800159535274
999.580115866225	1.42939502162924e-07	2.77212160175233e-13	633.802381976943
999.587008854850	1.40647429838872e-07	2.72744828765409e-13	633.804567287059
999.593786734936	1.38392958562844e-07	2.68351463174786e-13	633.806716096534
999.600451460995	1.36175455409524e-07	2.64030799182050e-13	633.808829025382
999.607004953812	1.33994298439552e-07	2.59781595053389e-13	633.810906682907
999.613449101030	1.31848876501375e-07	2.55602631121464e-13	633.812949667895
999.619785757737	1.29738589036867e-07	2.51492709372807e-13	633.814958568794
999.626016747031	1.27662845890609e-07	2.47450653043435e-13	633.816933963901
999.632143860584	1.25621067122784e-07	2.43475306222513e-13	633.818876421535
999.638168859191	1.23612682825601e-07	2.39565533463918e-13	633.820786500216
999.644093473311	1.21637132943169e-07	2.35720219405475e-13	633.822664748833
999.649919403597	1.19693867094791e-07	2.31938268395790e-13	633.824511706817
999.655648321419	1.17782344401540e-07	2.28218604128407e-13	633.826327904302
999.661281869378	1.15902033316132e-07	2.24560169283247e-13	633.828113862292
999.666821661802	1.14052411455962e-07	2.20961925175069e-13	633.829870092818
999.672269285249	1.12232965439289e-07	2.17422851408896e-13	633.831597099098
999.677626298987	1.10443190724467e-07	2.13941945542178e-13	633.833295375688
999.682894235473	1.08682591452209e-07	2.10518222753620e-13	633.834965408635
999.688074600823	1.06950680290764e-07	2.07150715518466e-13	633.836607675626
999.693168875265	1.05246978284007e-07	2.03838473290164e-13	633.838222646135
999.698178513600	1.03571014702351e-07	2.00580562188239e-13	633.839810781565
999.703104945641	1.01922326896437e-07	1.97376064692267e-13	633.841372535389
999.707949576648	1.00300460153537e-07	1.94224079341792e-13	633.842908353289
999.712713787762	9.87049675566270e-08	1.91123720442085e-13	633.844418673294
999.717398936418	9.71354098460779e-08	1.88074117775632e-13	633.845903925910
999.722006356763	9.55913552839077e-08	1.85074416319201e-13	633.847364534254
999.726537360064	9.40723795205388e-08	1.82123775966385e-13	633.848800914181
999.730993235100	9.25780654640354e-08	1.79221371255538e-13	633.850213474415
999.735375248560	9.11080031517343e-08	1.76366391102917e-13	633.851602616665
999.739684645425	8.96617896242659e-08	1.73558038541017e-13	633.852968735757
999.743922649345	8.82390288018855e-08	1.70795530461918e-13	633.854312219746
999.748090463014	8.68393313630794e-08	1.68078097365564e-13	633.855633450040
999.752189268530	8.54623146254129e-08	1.65404983112888e-13	633.856932801511
999.756220227758	8.41076024285612e-08	1.62775444683658e-13	633.858210642612
999.760184482677	8.27748250194919e-08	1.60188751938976e-13	633.859467335488
999.764083155730	8.14636189397495e-08	1.57644187388295e-13	633.860703236084
999.767917350162	8.01736269148002e-08	1.55141045960893e-13	633.861918694255
999.771688150353	7.89044977454187e-08	1.52678634781721e-13	633.863114053872
999.775396622146	7.76558862010412e-08	1.50256272951490e-13	633.864289652925
999.779043813170	7.64274529150740e-08	1.47873291330954e-13	633.865445823625
999.782630753154	7.52188642821252e-08	1.45529032329312e-13	633.866582892504
999.786158454243	7.40297923570856e-08	1.43222849696571e-13	633.867701180516
999.789627911295	7.28599147560668e-08	1.40954108319889e-13	633.868801003133
999.793040102187	7.17089145591359e-08	1.38722184023751e-13	633.869882670438
999.796395988109	7.05764802148115e-08	1.36526463373910e-13	633.870946487220
999.799696513851	6.94623054463083e-08	1.34366343485048e-13	633.871992753069
999.802942608089	6.83660891594637e-08	1.32241231832034e-13	633.873021762460
999.806135183662	6.72875353523581e-08	1.30150546064776e-13	633.874033804845
999.809275137852	6.62263530265586e-08	1.28093713826520e-13	633.875029164743
999.812363352645	6.51822560999577e-08	1.26070172575552e-13	633.876008121820
999.815400695004	6.41549633212057e-08	1.24079369410267e-13	633.876970950976
999.818388017124	6.31441981856836e-08	1.22120760897506e-13	633.877917922427
999.821326156690	6.21496888529891e-08	1.20193812904098e-13	633.878849301788
999.824215937124	6.11711680659153e-08	1.18298000431559e-13	633.879765350148
999.827058167840	6.02083730708773e-08	1.16432807453849e-13	633.880666324155
999.829853644477	5.92610455397920e-08	1.14597726758196e-13	633.881552476085
999.832603149143	5.83289314933409e-08	1.12792259788838e-13	633.882424053924
999.835307450646	5.74117812256289e-08	1.11015916493703e-13	633.883281301441
999.837967304725	5.65093492301793e-08	1.09268215173906e-13	633.884124458258
999.840583454277	5.56213941272774e-08	1.07548682336076e-13	633.884953759924
999.843156629577	5.47476785925917e-08	1.05856852547371e-13	633.885769437985
999.845687548493	5.38879692870926e-08	1.04192268293214e-13	633.886571720052
999.848176916708	5.30420367882193e-08	1.02554479837648e-13	633.887360829872
999.850625427923	5.22096555222714e-08	1.00943045086255e-13	633.888136987392
999.853033764066	5.13906036980187e-08	9.93575294516236e-14	633.888900408823
999.855402595497	5.05846632414890e-08	9.77975057212839e-14	633.889651306711
999.857732581204	4.97916197319207e-08	9.62625539280716e-14	633.890389889991
999.860024369002	4.90112623388522e-08	9.47522612228680e-14	633.891116364059
999.862278595722	4.82433837603420e-08	9.32662217496974e-14	633.891830930825
999.864495887406	4.74877801622825e-08	9.18040365231018e-14	633.892533788776
999.866676859487	4.67442511187895e-08	9.03653133077586e-14	633.893225133038
999.868822116972	4.60125995536516e-08	8.89496665003011e-14	633.893905155429
999.870932254627	4.52926316828254e-08	8.75567170133120e-14	633.894574044519
999.873007857148	4.45841569579468e-08	8.61860921614288e-14	633.895231985685
999.875049499335	4.38869880108413e-08	8.48374255495213e-14	633.895879161164
999.877057746263	4.32009405990146e-08	8.35103569629035e-14	633.896515750113
999.879033153450	4.25258335521255e-08	8.22045322595757e-14	633.897141928654
999.880976267020	4.18614887193739e-08	8.09196032643681e-14	633.897757869933
999.882887623865	4.12077309178534e-08	7.96552276650735e-14	633.898363744166
999.884767751801	4.05643878817924e-08	7.84110689104184e-14	633.898959718693
999.886617169730	3.99312902126943e-08	7.71867961098936e-14	633.899545958026
999.888436387786	3.93082713303692e-08	7.59820839354204e-14	633.900122623898
999.890225907491	3.86951674248155e-08	7.47966125247709e-14	633.900689875309
999.891986221899	3.80918174089498e-08	7.36300673867389e-14	633.901247868575
999.893717815744	3.74980628721820e-08	7.24821393080458e-14	633.901796757375
999.895421165581	3.69137480347842e-08	7.13525242618860e-14	633.902336692791
999.897096739925	3.63387197030843e-08	7.02409233181618e-14	633.902867823360
999.898744999392	3.57728272254309e-08	6.91470425553077e-14	633.903390295110
999.900366396835	3.52159224489376e-08	6.80705929737120e-14	633.903904251610
999.901961377470	3.46678596769848e-08	6.70112904106942e-14	633.904409834008
999.903530379016	3.41284956274631e-08	6.59688554570021e-14	633.904907181071
999.905073831815	3.35976893917517e-08	6.49430133748141e-14	633.905396429232
999.906592158967	3.30753023944182e-08	6.39334940172196e-14	633.905877712623
999.908085776445	3.25611983536102e-08	6.29400317491147e-14	633.906351163119
999.909555093222	3.20552432421537e-08	6.19623653695419e-14	633.906816910376
999.911000511392	3.15573052493208e-08	6.10002380353990e-14	633.907275081865
999.912422426282	3.10672547432737e-08	6.00533971865268e-14	633.907725802915
999.913821226574	3.05849642341533e-08	5.91215944721149e-14	633.908169196748
999.915197294415	3.01103083378181e-08	5.82045856784313e-14	633.908605384511
999.916551005527	2.96431637402160e-08	5.73021306578424e-14	633.909034485316
999.917882729322	2.91834091623669e-08	5.64139932590783e-14	633.909456616274
999.919192829006	2.87309253259700e-08	5.55399412587677e-14	633.909871892529
999.920481661684	2.82855949195945e-08	5.46797462941601e-14	633.910280427289
999.921749578467	2.78473025654649e-08	5.38331837970586e-14	633.910682331862
999.922996924574	2.74159347868237e-08	5.30000329289221e-14	633.911077715688
999.924224039429	2.69913799758538e-08	5.21800765171085e-14	633.911466686371
999.925431256765	2.65735283621687e-08	5.13731009922653e-14	633.911849349708
999.926618904717	2.61622719818353e-08	5.05788963268050e-14	633.912225809724
999.927787305919	2.57575046469478e-08	4.97972559744929e-14	633.912596168696
999.928936777597	2.53591219157152e-08	4.90279768110798e-14	633.912960527190
999.930067631663	2.49670210630732e-08	4.82708590759934e-14	633.913318984087
999.931180174802	2.45811010518046e-08	4.75257063150590e-14	633.913671636607
999.932274708564	2.42012625041582e-08	4.67923253242292e-14	633.914018580347
999.933351529452	2.38274076739549e-08	4.60705260942980e-14	633.914359909300
999.934410929004	2.34594404191773e-08	4.53601217565919e-14	633.914695715886
999.935453193880	2.30972661750344e-08	4.46609285296186e-14	633.915026090980
999.936478605946	2.27407919274861e-08	4.39727656666462e-14	633.915351123935
999.937487442354	2.23899261872310e-08	4.32954554042147e-14	633.915670902610
999.938479975621	2.20445789641323e-08	4.26288229115311e-14	633.915985513395
999.939456473710	2.17046617420931e-08	4.19726962407705e-14	633.916295041236
999.940417200106	2.13700874543585e-08	4.13269062782369e-14	633.916599569659
999.941362413893	2.10407704592466e-08	4.06912866963851e-14	633.916899180794
999.942292369828	2.07166265162892e-08	4.00656739066704e-14	633.917193955402
999.943207318414	2.03975727627910e-08	3.94499070132359e-14	633.917483972892
999.944107505974	2.00835276907867e-08	3.88438277674028e-14	633.917769311349
999.944993174719	1.97744111243926e-08	3.82472805229507e-14	633.918050047556
999.945864562820	1.94701441975482e-08	3.76601121921826e-14	633.918326257012
999.946721904478	1.91706493321403e-08	3.70821722027566e-14	633.918598013960
999.947565429985	1.88758502165015e-08	3.65133124552681e-14	633.918865391402
999.948395365799	1.85856717842711e-08	3.59533872815612e-14	633.919128461126
999.949211934601	1.83000401936258e-08	3.54022534037777e-14	633.919387293722
999.950015355363	1.80188828068625e-08	3.48597698941137e-14	633.919641958604
999.950805843411	1.77421281703270e-08	3.43257981352687e-14	633.919892524029
999.951583610486	1.74697059946915e-08	3.38002017815908e-14	633.920139057119
999.952348864804	1.72015471355626e-08	3.32828467208861e-14	633.920381623879
999.953101811115	1.69375835744259e-08	3.27736010368987e-14	633.920620289213
999.953842650763	1.66777483999110e-08	3.22723349724321e-14	633.920855116947
999.954571581746	1.64219757893794e-08	3.17789208931158e-14	633.921086169846
999.955288798767	1.61702009908240e-08	3.12932332517931e-14	633.921313509629
999.955994493293	1.59223603050767e-08	3.08151485535266e-14	633.921537196991
999.956688853611	1.56783910683209e-08	3.03445453212086e-14	633.921757291619
999.957372064877	1.54382316349005e-08	2.98813040617653e-14	633.921973852204
999.958044309173	1.52018213604182e-08	2.94253072329372e-14	633.922186936468
999.958705765560	1.49691005851291e-08	2.89764392106477e-14	633.922396601169
999.959356610124	1.47400106176068e-08	2.85345862569156e-14	633.922602902127
999.959997016028	1.45144937186928e-08	2.80996364883296e-14	633.922805894234
999.960627153565	1.42924930857174e-08	2.76714798450658e-14	633.923005631470
999.961247190201	1.40739528369867e-08	2.72500080604335e-14	633.923202166922
999.961857290628	1.38588179965341e-08	2.68351146309469e-14	633.923395552795
999.962457616805	1.36470344791306e-08	2.64266947869119e-14	633.923585840429
999.963048328008	1.34385490755467e-08	2.60246454635130e-14	633.923773080313
999.963629580875	1.32333094380664e-08	2.56288652724004e-14	633.923957322099
999.964201529448	1.30312640662456e-08	2.52392544737641e-14	633.924138614618
999.964764325220	1.28323622929096e-08	2.48557149488808e-14	633.924317005892
999.965318117174	1.26365542703909e-08	2.44781501731390e-14	633.924492543146
999.965863051831	1.24437909569958e-08	2.41064651895183e-14	633.924665272826
999.966399273283	1.22540241037025e-08	2.37405665825270e-14	633.924835240607
999.966926923242	1.20672062410822e-08	2.33803624525815e-14	633.925002491412
999.967446141077	1.18832906664419e-08	2.30257623908273e-14	633.925167069417
999.967957063850	1.17022314311829e-08	2.26766774543849e-14	633.925329018071
999.968459826360	1.15239833283740e-08	2.23330201420227e-14	633.925488380102
999.968954561179	1.13485018805323e-08	2.19947043702393e-14	633.925645197534
999.969441398688	1.11757433276121e-08	2.16616454497602e-14	633.925799511697
999.969920467117	1.10056646151934e-08	2.13337600624273e-14	633.925951363238
999.970391892575	1.08382233828725e-08	2.10109662384886e-14	633.926100792131
999.970855799094	1.06733779528436e-08	2.06931833342671e-14	633.926247837693
999.971312308657	1.05110873186769e-08	2.03803320102162e-14	633.926392538591
999.971761541237	1.03513111342822e-08	2.00723342093427e-14	633.926534932854
999.972203614825	1.01940097030608e-08	1.97691131360019e-14	633.926675057885
999.972638645471	1.00391439672355e-08	1.94705932350452e-14	633.926812950468
999.973066747309	9.88667549736266e-09	1.91767001713250e-14	633.926948646783
999.973488032595	9.73656648202083e-09	1.88873608095503e-14	633.927082182414
999.973902611733	9.58877971766992e-09	1.86025031944783e-14	633.927213592355
999.974310593311	9.44327859868216e-09	1.83220565314445e-14	633.927342911030
999.974712084128	9.30002710753948e-09	1.80459511672211e-14	633.927470172290
999.975107189227	9.15898980519515e-09	1.77741185711999e-14	633.927595409432
999.975496011920	9.02013182159715e-09	1.75064913168936e-14	633.927718655206
999.975878653821	8.88341884636958e-09	1.72430030637484e-14	633.927839941820
999.976255214874	8.74881711965045e-09	1.69835885392649e-14	633.927959300955
999.976625793378	8.61629342308177e-09	1.67281835214194e-14	633.928076763771
999.976990486015	8.48581507095258e-09	1.64767248213854e-14	633.928192360913
999.977349387883	8.35734990148720e-09	1.62291502665420e-14	633.928306122527
999.977702592513	8.23086626828003e-09	1.59853986837702e-14	633.928418078259
999.978050191902	8.10633303187498e-09	1.57454098830337e-14	633.928528257271
999.978392276536	7.98371955148250e-09	1.55091246412309e-14	633.928636688247
999.978728935417	7.86299567683637e-09	1.52764846863214e-14	633.928743399396
999.979060256086	7.74413174018756e-09	1.50474326817216e-14	633.928848418469
999.979386324646	7.62709854842858e-09	1.48219122109579e-14	633.928951772758
999.979707225789	7.51186737535135e-09	1.45998677625815e-14	633.929053489110
999.980023042821	7.39840995403351e-09	1.43812447153353e-14	633.929153593929
999.980333857678	7.28669846935089e-09	1.41659893235698e-14	633.929252113189
999.980639750956	7.17670555061562e-09	1.39540487029042e-14	633.929349072437
999.980940801930	7.06840426433545e-09	1.37453708161270e-14	633.929444496801
999.981237088577	6.96176810709455e-09	1.35399044593339e-14	633.929538410999
999.981528687596	6.85677099855181e-09	1.33375992482970e-14	633.929630839342
999.981815674432	6.75338727455660e-09	1.31384056050639e-14	633.929721805745
999.982098123294	6.65159168037759e-09	1.29422747447794e-14	633.929811333731
999.982376107179	6.55135936404522e-09	1.27491586627290e-14	633.929899446438
999.982649697887	6.45266586980283e-09	1.25590101215968e-14	633.929986166626
999.982918966046	6.35548713166980e-09	1.23717826389416e-14	633.930071516681
999.983183981129	6.25979946710684e-09	1.21874304748741e-14	633.930155518626
999.983444811474	6.16557957079061e-09	1.20059086199483e-14	633.930238194121
999.983701524302	6.07280450848869e-09	1.18271727832491e-14	633.930319564475
999.983954185736	5.98145171103739e-09	1.16511793806815e-14	633.930399650647
999.984202860819	5.89149896841877e-09	1.14778855234546e-14	633.930478473254
999.984447613532	5.80292442393594e-09	1.13072490067570e-14	633.930556052578
999.984688506815	5.71570656848433e-09	1.11392282986210e-14	633.930632408567
999.984925602576	5.62982423491838e-09	1.09737825289732e-14	633.930707560846
999.985158961716	5.54525659251061e-09	1.08108714788659e-14	633.930781528719
999.985388644142	5.46198314150771e-09	1.06504555698981e-14	633.930854331175
999.985614708787	5.37998370775736e-09	1.04924958537756e-14	633.930925986895
999.985837213619	5.29923843745185e-09	1.03369540020985e-14	633.930996514253
999.986056215666	5.21972779193979e-09	1.01837922962827e-14	633.931065931325
999.986271771023	5.14143254262910e-09	1.00329736176591e-14	633.931134255892
999.986483934874	5.06433376597199e-09	9.88446143773406e-15	633.931201505448
999.986692761504	4.98841283853530e-09	9.73821980861563e-15	633.931267697197
999.986898304315	4.91365143214943e-09	9.59421335359406e-15	633.931332848068
999.987100615838	4.84003150913931e-09	9.45240725788235e-15	633.931396974712
999.987299747753	4.76753531763310e-09	9.31276725950856e-15	633.931460093509
999.987495750896	4.69614538694743e-09	9.17525964035779e-15	633.931522220574
999.987688675278	4.62584452305052e-09	9.03985121736603e-15	633.931583371760
999.987878570098	4.55661580409767e-09	8.90650933385551e-15	633.931643562660
999.988065483753	4.48844257604217e-09	8.77520185101714e-15	633.931702808616
999.988249463858	4.42130844831716e-09	8.64589713953140e-15	633.931761124719
999.988430557249	4.35519728958861e-09	8.51856407132818e-15	633.931818525818
999.988608810008	4.29009322357924e-09	8.39317201148486e-15	633.931875026516
999.988784267463	4.22598062495909e-09	8.26969081025449e-15	633.931930641184
999.988956974210	4.16284411530516e-09	8.14809079522868e-15	633.931985383957
999.989126974121	4.10066855912723e-09	8.02834276362962e-15	633.932039268740
999.989294310356	4.03943905995737e-09	7.91041797472614e-15	633.932092309215
999.989459025375	3.97914095650592e-09	7.79428814237952e-15	633.932144518840
999.989621160951	3.91975981887869e-09	7.67992542770853e-15	633.932195910856
999.989780758177	3.86128144485709e-09	7.56730243187717e-15	633.932246498289
999.989937857484	3.80369185623859e-09	7.45639218900004e-15	633.932296293955
999.990092498647	3.74697729523797e-09	7.34716815916599e-15	633.932345310460
999.990244720794	3.69112422094658e-09	7.23960422157502e-15	633.932393560207
999.990394562425	3.63611930585030e-09	7.13367466778924e-15	633.932441055400
999.990542061411	3.58194943240376e-09	7.02935419509372e-15	633.932487808044
999.990687255016	3.52860168966175e-09	6.92661789996850e-15	633.932533829949
999.990830179896	3.47606336996443e-09	6.82544127166534e-15	633.932579132735
999.990970872119	3.42432196567725e-09	6.72580018589122e-15	633.932623727834
999.991109367167	3.37336516598450e-09	6.62767089859596e-15	633.932667626494
999.991245699948	3.32318085373488e-09	6.53103003986121e-15	633.932710839778
999.991379904809	3.27375710233855e-09	6.43585460788974e-15	633.932753378575
999.991512015539	3.22508217271476e-09	6.34212196309293e-15	633.932795253594
999.991642065384	3.17714451029004e-09	6.24980982227680e-15	633.932836475373
999.991770087052	3.12993274204425e-09	6.15889625292107e-15	633.932877054281
999.991896112722	3.08343567360572e-09	6.06935966755376e-15	633.932917000516
999.992020174056	3.03764228639293e-09	5.98117881821630e-15	633.932956324115
999.992142302204	2.99254173480382e-09	5.89433279102114e-15	633.932995034952
999.992262527813	2.94812334345005e-09	5.80880100079703e-15	633.933033142741
999.992380881039	2.90437660443639e-09	5.72456318582173e-15	633.933070657039
999.992497391548	2.86129117468497e-09	5.64159940264222e-15	633.933107587252
999.992612088530	2.81885687330237e-09	5.55989002097792e-15	633.933143942631
999.992725000705	2.77706367898990e-09	5.47941571870811e-15	633.933179732279
999.992836156329	2.73590172749656e-09	5.40015747694204e-15	633.933214965154
999.992945583205	2.69536130911225e-09	5.32209657516745e-15	633.933249650067
999.993053308687	2.65543286620243e-09	5.24521458647952e-15	633.933283795689
999.993159359689	2.61610699078297e-09	5.16949337288797e-15	633.933317410552
999.993263762694	2.57737442213413e-09	5.09491508070006e-15	633.933350503049
999.993366543755	2.53922604445321e-09	5.02146213597881e-15	633.933383081439
999.993467728511	2.50165288454553e-09	4.94911724007560e-15	633.933415153848
999.993567342185	2.46464610955295e-09	4.87786336523572e-15	633.933446728272
999.993665409596	2.42819702471902e-09	4.80768375027495e-15	633.933477812577
999.993761955165	2.39229707119022e-09	4.73856189632636e-15	633.933508414504
999.993857002920	2.35693782385335e-09	4.67048156265710e-15	633.933538541670
999.993950576503	2.32211098920762e-09	4.60342676255275e-15	633.933568201568
999.994042699177	2.28780840327142e-09	4.53738175926878e-15	633.933597401571
999.994133393832	2.25402202952273e-09	4.47233106204745e-15	633.933626148937
999.994222682989	2.22074395687317e-09	4.40825942219996e-15	633.933654450801
999.994310588810	2.18796639767475e-09	4.34515182925196e-15	633.933682314191
999.994397133100	2.15568168575870e-09	4.28299350715144e-15	633.933709746017
999.994482337316	2.12388227450638e-09	4.22176991053870e-15	633.933736753080
999.994566222569	2.09256073495099e-09	4.16146672107622e-15	633.933763342072
999.994648809634	2.06170975391035e-09	4.10206984383876e-15	633.933789519578
999.994730118951	2.03132213214947e-09	4.04356540376110e-15	633.933815292077
999.994810170634	2.00139078257340e-09	3.98593974214466e-15	633.933840665945
999.994888984476	1.97190872844853e-09	3.92917941321928e-15	633.933865647455
999.994966579952	1.94286910165316e-09	3.87327118076164e-15	633.933890242780
999.995042976224	1.91426514095611e-09	3.81820201476814e-15	633.933914457994
999.995118192150	1.88609019032309e-09	3.76395908818161e-15	633.933938299075
999.995192246285	1.85833769725045e-09	3.71052977367103e-15	633.933961771904
999.995265156887	1.83100121112587e-09	3.65790164046347e-15	633.933984882268
999.995336941924	1.80407438161527e-09	3.60606245122695e-15	633.934007635863
999.995407619076	1.77755095707595e-09	3.55500015900399e-15	633.934030038292
999.995477205739	1.75142478299516e-09	3.50470290419454e-15	633.934052095070
999.995545719033	1.72568980045398e-09	3.45515901158797e-15	633.934073811623
999.995613175805	1.70034004461563e-09	3.40635698744229e-15	633.934095193290
999.995679592630	1.67536964323841e-09	3.35828551661115e-15	633.934116245328
999.995744985823	1.65077281521238e-09	3.31093345971691e-15	633.934136972905
999.995809371436	1.62654386911997e-09	3.26428985036989e-15	633.934157381110
999.995872765265	1.60267720181903e-09	3.21834389243124e-15	633.934177474951
999.995935182855	1.57916729704931e-09	3.17308495732110e-15	633.934197259354
999.995996639502	1.55600872406114e-09	3.12850258136987e-15	633.934216739168
999.996057150259	1.53319613626592e-09	3.08458646321147e-15	633.934235919164
999.996116729940	1.51072426990873e-09	3.04132646121980e-15	633.934254804038
999.996175393123	1.48858794276177e-09	2.99871259098518e-15	633.934273398411
999.996233154151	1.46678205283916e-09	2.95673502283237e-15	633.934291706828
999.996290027142	1.44530157713216e-09	2.91538407937805e-15	633.934309733765
999.996346025988	1.42414157036476e-09	2.87465023312768e-15	633.934327483626
999.996401164360	1.40329716376919e-09	2.83452410411104e-15	633.934344960743
999.996455455712	1.38276356388129e-09	2.79499645755616e-15	633.934362169381
999.996508913283	1.36253605135463e-09	2.75605820159942e-15	633.934379113736
999.996561550103	1.34260997979430e-09	2.71770038503397e-15	633.934395797939
999.996613378993	1.32298077460892e-09	2.67991419509321e-15	633.934412226054
999.996664412573	1.30364393188126e-09	2.64269095527025e-15	633.934428402079
999.996714663259	1.28459501725682e-09	2.60602212317242e-15	633.934444329952
999.996764143274	1.26582966485035e-09	2.56989928841009e-15	633.934460013546
999.996812864642	1.24734357616972e-09	2.53431417051934e-15	633.934475456674
999.996860839202	1.22913251905697e-09	2.49925861691783e-15	633.934490663085
999.996908078600	1.21119232664669e-09	2.46472460089403e-15	633.934505636474
999.996954594299	1.19351889634038e-09	2.43070421962760e-15	633.934520380473
999.997000397582	1.17610818879778e-09	2.39718969224242e-15	633.934534898658
999.997045499550	1.15895622694405e-09	2.36417335789031e-15	633.934549194548
999.997089911131	1.14205909499287e-09	2.33164767386562e-15	633.934563271607
999.997133643077	1.12541293748516e-09	2.29960521374997e-15	633.934577133244
999.997176705973	1.10901395834317e-09	2.26803866558667e-15	633.934590782812
999.997219110233	1.09285841993953e-09	2.23694083008413e-15	633.934604223613
999.997260866107	1.07694264218121e-09	2.20630461884816e-15	633.934617458897
999.997301983686	1.06126300160822e-09	2.17612305264260e-15	633.934630491861
999.997342472895	1.04581593050663e-09	2.14638925967779e-15	633.934643325651
999.997382343509	1.03059791603551e-09	2.11709647392591e-15	633.934655963366
999.997421605143	1.01560549936814e-09	2.08823803346386e-15	633.934668408054
999.997460267263	1.00083527484655e-09	2.05980737884195e-15	633.934680662715
999.997498339183	9.86283889149805e-10	2.03179805147921e-15	633.934692730300
999.997535830072	9.71948040475441e-10	2.00420369208397e-15	633.934704613718
999.997572748953	9.57824477733850e-10	1.97701803909966e-15	633.934716315826
999.997609104707	9.43909999755494e-10	1.95023492717527e-15	633.934727839442
999.997644906075	9.30201454510934e-10	1.92384828566060e-15	633.934739187334
999.997680161659	9.16695738343066e-10	1.89785213712514e-15	633.934750362230
999.997714879925	9.03389795211484e-10	1.87224059590037e-15	633.934761366813
999.997749069206	8.90280615949132e-10	1.84700786664581e-15	633.934772203725
999.997782737706	8.77365237530525e-10	1.82214824293737e-15	633.934782875565
999.997815893495	8.64640742351736e-10	1.79765610587853e-15	633.934793384892
999.997848544518	8.52104257521785e-10	1.77352592273349e-15	633.934803734224
999.997880698597	8.39752954165199e-10	1.74975224558189e-15	633.934813926041
999.997912363426	8.27584046735740e-10	1.72632970999518e-15	633.934823962781
999.997943546583	8.15594792341266e-10	1.70325303373439e-15	633.934833846846
999.997974255522	8.03782490078107e-10	1.68051701546639e-15	633.934843580599
999.998004497582	7.92144480377918e-10	1.65811653350417e-15	633.934853166366
999.998034279987	7.80678144363383e-10	1.63604654456427e-15	633.934862606437
999.998063609846	7.69380903214811e-10	1.61430208254522e-15	633.934871903065
999.998092494157	7.58250217546524e-10	1.59287825732487e-15	633.934881058469
999.998120939806	7.47283586793103e-10	1.57177025357685e-15	633.934890074831
999.998148953575	7.36478548605570e-10	1.55097332960611e-15	633.934898954300
999.998176542135	7.25832678256888e-10	1.53048281620253e-15	633.934907698992
999.998203712053	7.15343588057020e-10	1.51029411551295e-15	633.934916310987
999.998230469796	7.05008926777146e-10	1.49040269993091e-15	633.934924792336
999.998256821725	6.94826379083118e-10	1.47080411100421e-15	633.934933145055
999.998282774104	6.84793664977754e-10	1.45149395835957e-15	633.934941371129
999.998308333098	6.74908539251985e-10	1.43246791864430e-15	633.934949472513
999.998333504776	6.65168790944627e-10	1.41372173448477e-15	633.934957451129
999.998358295109	6.55572242810850e-10	1.39525121346151e-15	633.934965308872
999.998382709977	6.46116750798876e-10	1.37705222710030e-15	633.934973047604
999.998406755167	6.36800203534952e-10	1.35912070987922e-15	633.934980669159
999.998430436376	6.27620521816605e-10	1.34145265825166e-15	633.934988175345
999.998453759211	6.18575658113709e-10	1.32404412968442e-15	633.934995567937
999.998476729190	6.09663596077493e-10	1.30689124171116e-15	633.935002848685
999.998499351746	6.00882350057381e-10	1.28999017100095e-15	633.935010019311
999.998521632227	5.92229964625278e-10	1.27333715244119e-15	633.935017081510
999.998543575897	5.83704514107554e-10	1.25692847823541e-15	633.935024036950
999.998565187937	5.75304102124232e-10	1.24076049701493e-15	633.935030887275
999.998586473448	5.67026861135484e-10	1.22482961296471e-15	633.935037634100
999.998607437450	5.58870951995343e-10	1.20913228496298e-15	633.935044279017
999.998628084885	5.50834563512376e-10	1.19366502573450e-15	633.935050823592
999.998648420619	5.42915912017340e-10	1.17842440101710e-15	633.935057269368
999.998668449439	5.35113240937451e-10	1.16340702874115e-15	633.935063617863
999.998688176060	5.27424820377637e-10	1.14860957822236e-15	633.935069870569
999.998707605123	5.19848946708120e-10	1.13402876936692e-15	633.935076028959
999.998726741194	5.12383942158658e-10	1.11966137188941e-15	633.935082094481
999.998745588771	5.05028154419123e-10	1.10550420454295e-15	633.935088068558
999.998764152279	4.97779956246194e-10	1.09155413436117e-15	633.935093952595
999.998782436076	4.90637745076566e-10	1.07780807591276e-15	633.935099747973
999.998800444452	4.83599942645914e-10	1.06426299056708e-15	633.935105456050
999.998818181628	4.76664994613971e-10	1.05091588577158e-15	633.935111078166
999.998835651760	4.69831370195515e-10	1.03776381434069e-15	633.935116615638
999.998852858941	4.63097561797089e-10	1.02480387375563e-15	633.935122069763
999.998869807199	4.56462084659507e-10	1.01203320547554e-15	633.935127441817
999.998886500498	4.49923476505843e-10	9.99448994259041e-16	633.935132733057
999.998902942742	4.43480297195015e-10	9.87048467496727e-16	633.935137944721
999.998919137773	4.37131128380837e-10	9.74828894554088e-16	633.935143078026
999.998935089375	4.30874573176340e-10	9.62787586124662e-16	633.935148134172
999.998950801271	4.24709255823384e-10	9.50921893593385e-16	633.935153114339
999.998966277126	4.18633821367409e-10	9.39229208409826e-16	633.935158019688
999.998981520551	4.12646935337367e-10	9.27706961471453e-16	633.935162851365
999.998996535097	4.06747283430561e-10	9.16352622516334e-16	633.935167610494
999.999011324262	4.00933571202500e-10	9.05163699525525e-16	633.935172298184
999.999025891489	3.95204523761592e-10	8.94137738134783e-16	633.935176915528
999.999040240169	3.89558885468512e-10	8.83272321055313e-16	633.935181463599
999.999054373637	3.83995419640431e-10	8.72565067503858e-16	633.935185943454
999.999068295179	3.78512908259752e-10	8.62013632641511e-16	633.935190356136
999.999082008029	3.73110151687465e-10	8.51615707021417e-16	633.935194702669
999.999095515371	3.67785968380906e-10	8.41369016044976e-16	633.935198984063
999.999108820340	3.62539194615995e-10	8.31271319426681e-16	633.935203201311
999.999121926021	3.57368684213808e-10	8.21320410667306e-16	633.935207355391
999.999134835453	3.52273308271383e-10	8.11514116535275e-16	633.935211447266
999.999147551626	3.47251954896706e-10	8.01850296556078e-16	633.935215477884
999.999160077484	3.42303528947939e-10	7.92326842509863e-16	633.935219448179
999.999172415927	3.37426951776583e-10	7.82941677936637e-16	633.935223359069
999.999184569809	3.32621160974779e-10	7.73692757649413e-16	633.935227211459
999.999196541940	3.27885110126374e-10	7.64578067254652e-16	633.935231006240
999.999208335085	3.23217768562126e-10	7.55595622680648e-16	633.935234744288
999.999219951968	3.18618121118344e-10	7.46743469712578e-16	633.935238426467
999.999231395270	3.14085167899698e-10	7.38019683535547e-16	633.935242053626
999.999242667631	3.09617924045516e-10	7.29422368284387e-16	633.935245626602
999.999253771650	3.05215419499671e-10	7.20949656600370e-16	633.935249146219
999.999264709886	3.00876698784174e-10	7.12599709195056e-16	633.935252613288
999.999275484858	2.96600820776235e-10	7.04370714420842e-16	633.935256028608
999.999286099046	2.92386858488764e-10	6.96260887848124e-16	633.935259392964
999.999296554892	2.88233898854356e-10	6.88268471849194e-16	633.935262707131
999.999306854799	2.84141042512548e-10	6.80391735188428e-16	633.935265971871
999.999317001136	2.80107403600492e-10	6.72628972619075e-16	633.935269187934
999.999326996233	2.76132109546746e-10	6.64978504486043e-16	633.935272356058
999.999336842383	2.72214300868406e-10	6.57438676335127e-16	633.935275476971
999.999346541847	2.68353130971285e-10	6.50007858528120e-16	633.935278551389
999.999356096848	2.64547765953243e-10	6.42684445863990e-16	633.935281580017
999.999365509576	2.60797384410584e-10	6.35466857205959e-16	633.935284563549
999.999374782188	2.57101177247402e-10	6.28353535114291e-16	633.935287502669
999.999383916806	2.53458347487933e-10	6.21342945484851e-16	633.935290398049
999.999392915520	2.49868110091809e-10	6.14433577193268e-16	633.935293250352
999.999401780389	2.46329691772168e-10	6.07623941744596e-16	633.935296060231
999.999410513439	2.42842330816568e-10	6.00912572928386e-16	633.935298828327
999.999419116664	2.39405276910722e-10	5.94298026479196e-16	633.935301555272
999.999427592030	2.36017790964928e-10	5.87778879742284e-16	633.935304241691
999.999435941469	2.32679144943196e-10	5.81353731344507e-16	633.935306888194
999.999444166888	2.29388621694991e-10	5.75021200870267e-16	633.935309495387
999.999452270160	2.26145514789672e-10	5.68779928542632e-16	633.935312063864
999.999460253131	2.22949128353402e-10	5.62628574909249e-16	633.935314594209
999.999468117620	2.19798776908593e-10	5.56565820533113e-16	633.935317086999
999.999475865417	2.16693785215886e-10	5.50590365688237e-16	633.935319542801
999.999483498283	2.13633488118530e-10	5.44700930059947e-16	633.935321962174
999.999491017955	2.10617230389185e-10	5.38896252449839e-16	633.935324345668
999.999498426140	2.07644366579082e-10	5.33175090485279e-16	633.935326693825
999.999505724521	2.04714260869545e-10	5.27536220333460e-16	633.935329007177
999.999512914755	2.01826286925729e-10	5.21978436419731e-16	633.935331286249
999.999519998472	1.98979827752712e-10	5.16500551150443e-16	633.935333531560
999.999526977280	1.96174275553753e-10	5.11101394640003e-16	633.935335743617
999.999533852759	1.93409031590770e-10	5.05779814442164e-16	633.935337922923
999.999540626466	1.90683506046945e-10	5.00534675285455e-16	633.935340069970
999.999547299935	1.87997117891437e-10	4.95364858812630e-16	633.935342185245
999.999553874676	1.85349294746222e-10	4.90269263324259e-16	633.935344269226
999.999560352175	1.82739472754961e-10	4.85246803526190e-16	633.935346322385
999.999566733897	1.80167096453893e-10	4.80296410280934e-16	633.935348345185
999.999573021282	1.77631618644733e-10	4.75417030362901e-16	633.935350338084
999.999579215750	1.75132500269487e-10	4.70607626217346e-16	633.935352301531
999.999585318700	1.72669210287237e-10	4.65867175723083e-16	633.935354235970
999.999591331507	1.70241225552829e-10	4.61194671958893e-16	633.935356141836
999.999597255526	1.67848030697373e-10	4.56589122973409e-16	633.935358019559
999.999603092092	1.65489118010646e-10	4.52049551558670e-16	633.935359869563
999.999608842519	1.63163987325276e-10	4.47574995027098e-16	633.935361692263
999.999614508101	1.60872145902668e-10	4.43164504991854e-16	633.935363488070
999.999620090112	1.58613108320772e-10	4.38817147150712e-16	633.935365257388
999.999625589808	1.56386396363517e-10	4.34532001073162e-16	633.935367000614
999.999631008423	1.54191538911942e-10	4.30308159990790e-16	633.935368718141
999.999636347175	1.52028071837041e-10	4.26144730590927e-16	633.935370410353
999.999641607261	1.49895537894194e-10	4.22040832813388e-16	633.935372077631
999.999646789862	1.47793486619285e-10	4.17995599650447e-16	633.935373720349
999.999651896139	1.45721474226362e-10	4.14008176949773e-16	633.935375338874
999.999656927236	1.43679063506890e-10	4.10077723220454e-16	633.935376933570
999.999661884281	1.41665823730564e-10	4.06203409442007e-16	633.935378504794
999.999666768382	1.39681330547627e-10	4.02384418876299e-16	633.935380052896
999.999671580633	1.37725165892663e-10	3.98619946882311e-16	633.935381578225
999.999676322109	1.35796917889931e-10	3.94909200733859e-16	633.935383081120
999.999680993869	1.33896180760073e-10	3.91251399439971e-16	633.935384561918
999.999685596957	1.32022554728308e-10	3.87645773568119e-16	633.935386020948