3.0 150.0 0.0 0.0 379.0
82.0 145.0 0.0 0.0 296.6
81.0 140.0 0.0 0.0 222.8
80.0 135.0 0.0 0.0 194.7
79.0 130.0 0.0 0.0 187.7
78.0 125.0 0.0 0.0 187.3
77.0 120.0 0.0 0.0 190.5
76.0 115.0 0.0 0.0 197.5
75.0 110.0 0.0 0.0 205.5
74.0 105.0 0.0 0.0 211.1
73.0 99.9999999997 0.0 0.0 218.3
72.0 94.9999999997 0.0 0.0 235.1
71.0 89.9999999997 0.0 0.0 252.9
70.0 84.9999999998 0.0 0.0 264.6
69.0 79.9999999998 0.0 0.0 267.8
68.0 74.9999999999 0.0 0.0 263.8
67.0 69.9999999999 0.0 0.0 255.2
66.0 65.0 0.0 0.0 242.5
65.0 60.0 0.0 0.0 227.2
64.0 55.0 0.0 0.0 217.5
63.0 50.0 0.0 0.0 204.3
62.0 45.0 0.0 0.0 199.3
61.0 40.0 0.0 0.0 239.2
60.0 35.0 0.0 0.0 272.4
2.0 30.0 0.0 0.0 300.6
193.0 147.721162998 26.0472266594 0.0 376.8
529.0 142.797124231 25.1789857707 0.0 294.3
522.0 137.873085464 24.3107448819 0.0 219.3
515.0 132.949046697 23.4425039932 0.0 192.5
508.0 128.02500793 22.5742631045 0.0 187.0
501.0 123.100969163 21.7060222157 0.0 187.0
494.0 118.176930396 20.837781327 0.0 190.6
487.0 113.252891629 19.9695404383 0.0 198.6
480.0 108.328852862 19.1012995496 0.0 206.3
473.0 103.404814095 18.2330586608 0.0 211.4
466.0 98.4807753279 17.3648177721 0.0 217.7
459.0 93.5567365609 16.4965768834 0.0 233.1
452.0 88.6326977939 15.6283359946 0.0 250.2
445.0 83.7086590269 14.7600951059 0.0 262.9
438.0 78.78462026 13.8918542172 0.0 267.9
431.0 73.860581493 13.0236133285 0.0 264.5
424.0 68.9365427261 12.1553724397 0.0 255.2
417.0 64.0125039591 11.287131551 0.0 242.1
410.0 59.0884651921 10.4188906623 0.0 228.0
403.0 54.1644264251 9.55064977357 0.0 218.0
396.0 49.2403876581 8.68240888485 0.0 204.6
389.0 44.316348891 7.81416799612 0.0 199.7
382.0 39.392310124 6.9459271074 0.0 238.6
375.0 34.468271357 6.07768621867 0.0 272.4
165.0 29.54423259 5.20944532995 0.0 300.0
192.0 140.953893162 51.3030215172 0.0 374.7
528.0 136.255430056 49.5929207998 0.0 293.7
521.0 131.55696695 47.8828200824 0.0 218.8
514.0 126.858503844 46.172719365 0.0 192.2
507.0 122.160040738 44.4626186476 0.0 186.7
500.0 117.461577633 42.7525179302 0.0 186.6
493.0 112.763114527 41.0424172128 0.0 191.3
486.0 108.064651421 39.3323164954 0.0 200.5
479.0 103.366188315 37.622215778 0.0 207.7
472.0 98.6677252095 35.9121150606 0.0 212.3
465.0 93.9692621038 34.2020143432 0.0 217.5
458.0 89.270798998 32.4919136258 0.0 230.7
451.0 84.5723358922 30.7818129084 0.0 244.5
444.0 79.8738727865 29.071712191 0.0 258.3
437.0 75.1754096808 27.3616114736 0.0 267.0
430.0 70.476946575 25.6515107562 0.0 265.8
423.0 65.7784834693 23.9414100388 0.0 255.8
416.0 61.0800203636 22.2313093214 0.0 241.7
409.0 56.3815572578 20.521208604 0.0 228.1
402.0 51.6830941521 18.8111078866 0.0 218.3
395.0 46.9846310463 17.1010071692 0.0 206.7
388.0 42.2861679405 15.3909064518 0.0 202.2
381.0 37.5877048348 13.6808057344 0.0 235.4
374.0 32.889241729 11.970705017 0.0 269.6
164.0 28.1907786232 10.2606042997 0.0 297.1
191.0 129.903810607 75.0000000266 0.0 372.7
527.0 125.573683586 72.5000000255 0.0 294.1
520.0 121.243556566 70.0000000244 0.0 221.6
513.0 116.913429545 67.5000000233 0.0 194.3
506.0 112.583302525 65.0000000221 0.0 187.4
499.0 108.253175504 62.500000021 0.0 187.2
492.0 103.923048483 60.0000000199 0.0 193.5
485.0 99.5929214628 57.5000000188 0.0 204.1
478.0 95.2627944422 55.0000000176 0.0 211.5
471.0 90.9326674217 52.5000000165 0.0 215.6
464.0 86.6025404011 50.0000000154 0.0 219.5
457.0 82.2724133805 47.5000000143 0.0 227.8
450.0 77.9422863599 45.0000000132 0.0 238.7
443.0 73.6121593394 42.500000012 0.0 251.9
436.0 69.2820323188 40.0000000109 0.0 263.4
429.0 64.9519052983 37.5000000098 0.0 264.4
422.0 60.6217782778 35.0000000087 0.0 254.0
415.0 56.2916512572 32.5000000076 0.0 239.2
408.0 51.9615242367 30.0000000065 0.0 228.5
401.0 47.6313972161 27.5000000054 0.0 219.3
394.0 43.3012701955 25.0000000043 0.0 210.0
387.0 38.9711431749 22.5000000032 0.0 208.1
380.0 34.6410161544 20.0000000021 0.0 228.6
373.0 30.3108891338 17.5000000009 0.0 261.8
163.0 25.9807621132 14.9999999998 0.0 291.7
190.0 114.906666501 96.4181414869 0.0 371.0
526.0 111.076444284 93.204203437 0.0 294.5
519.0 107.246222067 89.9902653872 0.0 226.8
512.0 103.41599985 86.7763273373 0.0 198.5
505.0 99.5857776332 83.5623892874 0.0 189.6
498.0 95.7555554162 80.3484512376 0.0 189.1
491.0 91.9253331991 77.1345131877 0.0 196.9
484.0 88.0951109821 73.9205751378 0.0 208.6
477.0 84.2648887651 70.706637088 0.0 215.8
470.0 80.4346665481 67.4926990381 0.0 219.3
463.0 76.6044443311 64.2787609883 0.0 221.2
456.0 72.7742221141 61.0648229384 0.0 226.3
449.0 68.9439998971 57.8508848885 0.0 232.5
442.0 65.1137776801 54.6369468387 0.0 245.2
435.0 61.2835554632 51.4230087888 0.0 259.2
428.0 57.4533332462 48.209070739 0.0 260.6
421.0 53.6231110292 44.9951326892 0.0 250.0
414.0 49.7928888123 41.7811946393 0.0 237.4
407.0 45.9626665953 38.5672565895 0.0 227.5
400.0 42.1324443783 35.3533185396 0.0 219.6
393.0 38.3022221613 32.1393804898 0.0 214.5
386.0 34.4719999443 28.9254424399 0.0 214.7
379.0 30.6417777273 25.7115043901 0.0 221.6
372.0 26.8115555103 22.4975663402 0.0 252.5
162.0 22.9813332933 19.2836282904 0.0 284.7
189.0 96.4181414793 114.906666508 0.0 369.4
525.0 93.2042034297 111.07644429 0.0 293.9
518.0 89.9902653802 107.246222073 0.0 233.0
511.0 86.7763273306 103.415999856 0.0 204.4
504.0 83.562389281 99.5857776386 0.0 193.2
497.0 80.3484512315 95.7555554213 0.0 192.2
490.0 77.1345131819 91.925333204 0.0 201.3
483.0 73.9205751324 88.0951109868 0.0 213.7
476.0 70.7066370828 84.2648887695 0.0 221.4
469.0 67.4926990333 80.4346665522 0.0 223.8
462.0 64.2787609838 76.6044443349 0.0 225.0
455.0 61.0648229342 72.7742221176 0.0 226.2
448.0 57.8508848847 68.9439999004 0.0 230.7
441.0 54.6369468352 65.1137776831 0.0 241.7
434.0 51.4230087856 61.2835554659 0.0 253.5
427.0 48.2090707361 57.4533332486 0.0 254.4
420.0 44.9951326866 53.6231110314 0.0 246.4
413.0 41.7811946371 49.7928888141 0.0 235.4
406.0 38.5672565876 45.9626665968 0.0 226.2
399.0 35.353318538 42.1324443796 0.0 218.2
392.0 32.1393804885 38.3022221623 0.0 216.8
385.0 28.925442439 34.4719999451 0.0 217.9
378.0 25.7115043894 30.6417777278 0.0 218.8
371.0 22.4975663399 26.8115555106 0.0 244.5
161.0 19.2836282904 22.9813332933 0.0 277.7
188.0 75.0000000181 129.903810612 0.0 368.2
524.0 72.5000000174 125.573683591 0.0 291.9
517.0 70.0000000166 121.24355657 0.0 238.6
510.0 67.5000000158 116.91342955 0.0 210.8
503.0 65.000000015 112.583302529 0.0 197.6
496.0 62.5000000142 108.253175508 0.0 196.0
489.0 60.0000000135 103.923048487 0.0 205.6
482.0 57.5000000127 99.5929214664 0.0 217.8
475.0 55.0000000119 95.2627944456 0.0 224.4
468.0 52.5000000112 90.9326674248 0.0 226.3
461.0 50.0000000104 86.602540404 0.0 227.7
454.0 47.5000000096 82.2724133832 0.0 229.6
447.0 45.0000000089 77.9422863625 0.0 235.0
440.0 42.5000000081 73.6121593417 0.0 244.2
433.0 40.0000000074 69.2820323209 0.0 253.5
426.0 37.5000000066 64.9519053001 0.0 252.3
419.0 35.0000000059 60.6217782794 0.0 246.5
412.0 32.5000000052 56.2916512586 0.0 235.7
405.0 30.0000000044 51.9615242378 0.0 224.7
398.0 27.5000000036 47.6313972171 0.0 213.8
391.0 25.0000000029 43.3012701963 0.0 215.5
384.0 22.5000000021 38.9711431755 0.0 217.0
377.0 20.0000000014 34.6410161548 0.0 217.1
370.0 17.5000000006 30.310889134 0.0 239.1
160.0 14.9999999998 25.9807621132 0.0 266.4
187.0 51.3030215081 140.953893165 0.0 367.3
523.0 49.5929207911 136.255430059 0.0 289.2
516.0 47.882820074 131.556966953 0.0 242.5
509.0 46.172719357 126.858503847 0.0 216.3
502.0 44.46261864 122.160040741 0.0 201.9
495.0 42.752517923 117.461577635 0.0 199.5
488.0 41.0424172059 112.763114529 0.0 209.1
481.0 39.3323164889 108.064651424 0.0 220.3
474.0 37.6222157719 103.366188318 0.0 224.6
467.0 35.9121150549 98.6677252117 0.0 225.6
460.0 34.2020143379 93.9692621058 0.0 227.3
453.0 32.4919136208 89.2707989999 0.0 232.6
446.0 30.7818129038 84.572335894 0.0 241.9
439.0 29.0717121868 79.8738727881 0.0 250.7
432.0 27.3616114698 75.1754096822 0.0 255.0
425.0 25.6515107528 70.4769465763 0.0 252.0
418.0 23.9414100358 65.7784834704 0.0 246.7
411.0 22.2313093188 61.0800203645 0.0 236.3
404.0 20.5212086018 56.3815572586 0.0 221.7
397.0 18.8111078848 51.6830941527 0.0 207.8
390.0 17.1010071677 46.9846310468 0.0 211.4
383.0 15.3909064507 42.2861679409 0.0 214.1
376.0 13.6808057337 37.587704835 0.0 215.2
369.0 11.9707050167 32.8892417291 0.0 234.8
159.0 10.2606042997 28.1907786232 0.0 254.1
9.0 26.04722665 147.721163 0.0 366.7
36.0 25.1789857617 142.797124233 0.0 286.9
35.0 24.3107448733 137.873085466 0.0 244.6
34.0 23.442503985 132.949046699 0.0 220.0
33.0 22.5742630967 128.025007932 0.0 204.9
32.0 21.7060222083 123.100969165 0.0 202.1
31.0 20.83778132 118.176930397 0.0 211.6
30.0 19.9695404317 113.25289163 0.0 222.2
29.0 19.1012995433 108.328852863 0.0 225.8
28.0 18.233058655 103.404814096 0.0 226.8
27.0 17.3648177666 98.480775329 0.0 229.3
26.0 16.4965768783 93.5567365619 0.0 236.4
25.0 15.62833599 88.6326977948 0.0 247.2
24.0 14.7600951016 83.7086590278 0.0 255.5
23.0 13.8918542133 78.7846202607 0.0 255.4
22.0 13.023613325 73.8605814936 0.0 251.0
21.0 12.1553724367 68.9365427266 0.0 246.9
20.0 11.2871315483 64.0125039595 0.0 236.6
19.0 10.41889066 59.0884651924 0.0 219.1
18.0 9.55064977166 54.1644264254 0.0 202.0
17.0 8.68240888333 49.2403876583 0.0 205.9
16.0 7.81416799499 44.3163488912 0.0 211.2
15.0 6.94592710666 39.3923101241 0.0 214.0
14.0 6.07768621833 34.4682713571 0.0 231.9
8.0 5.20944533 29.54423259 0.0 248.6
194.0 147.721162952 -26.047226651 0.0 381.1
530.0 142.797124187 -25.1789857626 0.0 300.6
531.0 137.873085421 -24.3107448743 0.0 229.0
532.0 132.949046656 -23.4425039859 0.0 198.2
533.0 128.025007891 -22.5742630975 0.0 188.1
534.0 123.100969126 -21.7060222091 0.0 186.4
535.0 118.176930361 -20.8377813208 0.0 189.7
536.0 113.252891596 -19.9695404324 0.0 196.5
537.0 108.328852831 -19.101299544 0.0 204.8
538.0 103.404814066 -18.2330586556 0.0 210.6
539.0 98.4807753009 -17.3648177673 0.0 217.8
540.0 93.5567365358 -16.4965768789 0.0 233.8
541.0 88.6326977708 -15.6283359905 0.0 252.6
542.0 83.7086590058 -14.7600951021 0.0 263.3
543.0 78.7846202408 -13.8918542138 0.0 267.8
544.0 73.8605814758 -13.0236133254 0.0 264.0
545.0 68.9365427108 -12.155372437 0.0 254.9
546.0 64.0125039457 -11.2871315486 0.0 242.3
547.0 59.0884651807 -10.4188906603 0.0 227.8
548.0 54.1644264157 -9.55064977188 0.0 218.1
549.0 49.2403876506 -8.6824088835 0.0 205.3
550.0 44.3163488855 -7.81416799512 0.0 199.8
551.0 39.3923101205 -6.94592710674 0.0 239.0
552.0 34.4682713554 -6.07768621836 0.0 272.3
166.0 29.5442325904 -5.20944532999 0.0 300.5
195.0 140.953893117 -51.3030215007 0.0 383.2
553.0 136.255430013 -49.592920784 0.0 305.7
554.0 131.556966909 -47.8828200673 0.0 237.3
555.0 126.858503805 -46.1727193506 0.0 202.8
556.0 122.160040701 -44.4626186339 0.0 187.9
557.0 117.461577598 -42.7525179172 0.0 183.5
558.0 112.763114494 -41.0424172005 0.0 187.1
559.0 108.06465139 -39.3323164838 0.0 194.6
560.0 103.366188286 -37.6222157671 0.0 204.7
561.0 98.6677251819 -35.9121150504 0.0 210.8
562.0 93.969262078 -34.2020143337 0.0 215.9
563.0 89.2707989741 -32.491913617 0.0 230.4
564.0 84.5723358702 -30.7818129003 0.0 247.7
565.0 79.8738727663 -29.0717121836 0.0 259.4
566.0 75.1754096625 -27.3616114668 0.0 267.4
567.0 70.4769465586 -25.6515107501 0.0 267.1
568.0 65.7784834548 -23.9414100334 0.0 256.5
569.0 61.0800203509 -22.2313093167 0.0 244.1
570.0 56.381557247 -20.5212086 0.0 228.9
571.0 51.6830941431 -18.8111078833 0.0 219.2
572.0 46.9846310392 -17.1010071666 0.0 207.4
573.0 42.2861679353 -15.3909064499 0.0 202.0
574.0 37.5877048314 -13.6808057332 0.0 238.3
575.0 32.8892417275 -11.9707050164 0.0 271.9
167.0 28.1907786236 -10.2606042997 0.0 298.9
196.0 129.903810566 -75.0000000026 0.0 385.2
576.0 125.573683547 -72.5000000025 0.0 311.0
577.0 121.243556528 -70.0000000023 0.0 247.0
578.0 116.91342951 -67.5000000023 0.0 208.5
579.0 112.583302491 -65.0000000021 0.0 187.3
580.0 108.253175472 -62.500000002 0.0 178.7
581.0 103.923048453 -60.0000000019 0.0 181.5
582.0 99.592921434 -57.5000000018 0.0 189.4
583.0 95.2627944152 -55.0000000017 0.0 200.7
584.0 90.9326673963 -52.5000000016 0.0 208.4
585.0 86.6025403774 -50.0000000015 0.0 214.1
586.0 82.2724133586 -47.5000000014 0.0 227.5
587.0 77.9422863397 -45.0000000013 0.0 245.0
588.0 73.6121593209 -42.5000000012 0.0 258.7
589.0 69.2820323021 -40.0000000011 0.0 268.7
590.0 64.9519052833 -37.500000001 0.0 269.5
591.0 60.6217782644 -35.0000000009 0.0 260.2
592.0 56.2916512456 -32.5000000007 0.0 246.8
593.0 51.9615242267 -30.0000000006 0.0 232.0
594.0 47.6313972079 -27.5000000005 0.0 222.1
595.0 43.301270189 -25.0000000004 0.0 210.2
596.0 38.9711431702 -22.5000000003 0.0 206.0
597.0 34.6410161513 -20.0000000002 0.0 235.0
598.0 30.3108891324 -17.5000000001 0.0 269.4
168.0 25.9807621136 -14.9999999999 0.0 295.9
197.0 114.906666465 -96.418141456 0.0 386.9
599.0 111.07644425 -93.2042034074 0.0 315.4
600.0 107.246222034 -89.9902653589 0.0 257.7
601.0 103.415999819 -86.7763273103 0.0 215.3
602.0 99.5857776033 -83.5623892618 0.0 186.8
603.0 95.7555553878 -80.3484512132 0.0 172.5
604.0 91.9253331723 -77.1345131647 0.0 173.3
605.0 88.0951109568 -73.9205751161 0.0 180.6
606.0 84.2648887413 -70.7066370676 0.0 192.9
607.0 80.4346665258 -67.492699019 0.0 204.6
608.0 76.6044443103 -64.2787609705 0.0 215.2
609.0 72.7742220949 -61.0648229219 0.0 229.8
610.0 68.9439998794 -57.8508848734 0.0 247.4
611.0 65.1137776639 -54.6369468248 0.0 261.1
612.0 61.2835554484 -51.4230087762 0.0 271.4
613.0 57.453333233 -48.2090707277 0.0 272.8
614.0 53.6231110175 -44.9951326791 0.0 264.1
615.0 49.7928888021 -41.7811946305 0.0 250.6
616.0 45.9626665866 -38.5672565819 0.0 236.1
617.0 42.1324443711 -35.3533185334 0.0 225.4
618.0 38.3022221556 -32.1393804848 0.0 215.5
619.0 34.4719999401 -28.9254424362 0.0 212.3
620.0 30.6417777246 -25.7115043877 0.0 229.8
621.0 26.8115555091 -22.4975663391 0.0 263.8
169.0 22.9813332936 -19.2836282905 0.0 289.5
198.0 96.4181414491 -114.906666471 0.0 388.5
622.0 93.2042034008 -111.076444255 0.0 318.1
623.0 89.9902653525 -107.24622204 0.0 268.7
624.0 86.7763273043 -103.415999824 0.0 223.3
625.0 83.562389256 -99.5857776082 0.0 186.8
626.0 80.3484512077 -95.7555553925 0.0 166.0
627.0 77.1345131594 -91.9253331767 0.0 163.9
628.0 73.9205751112 -88.095110961 0.0 170.1
629.0 70.7066370629 -84.2648887453 0.0 184.1
630.0 67.4926990146 -80.4346665296 0.0 201.6
631.0 64.2787609664 -76.6044443139 0.0 219.0
632.0 61.0648229181 -72.7742220981 0.0 235.5
633.0 57.8508848698 -68.9439998824 0.0 252.8
634.0 54.6369468216 -65.1137776667 0.0 266.3
635.0 51.4230087733 -61.2835554509 0.0 275.4
636.0 48.2090707251 -57.4533332352 0.0 275.8
637.0 44.9951326768 -53.6231110194 0.0 267.6
638.0 41.7811946286 -49.7928888037 0.0 254.6
639.0 38.5672565803 -45.962666588 0.0 240.7
640.0 35.353318532 -42.1324443722 0.0 229.0
641.0 32.1393804837 -38.3022221565 0.0 222.8
642.0 28.9254424355 -34.4719999407 0.0 220.3
643.0 25.7115043872 -30.641777725 0.0 225.9
644.0 22.4975663389 -26.8115555093 0.0 255.8
170.0 19.2836282907 -22.9813332935 0.0 281.4
199.0 74.9999999946 -129.903810571 0.0 389.7
645.0 72.4999999949 -125.573683552 0.0 319.1
646.0 69.9999999951 -121.243556533 0.0 279.1
647.0 67.4999999953 -116.913429514 0.0 231.9
648.0 64.9999999955 -112.583302495 0.0 187.4
649.0 62.4999999957 -108.253175476 0.0 160.0
650.0 59.9999999959 -103.923048456 0.0 154.8
651.0 57.4999999962 -99.5929214375 0.0 160.1
652.0 54.9999999964 -95.2627944184 0.0 176.9
653.0 52.4999999966 -90.9326673994 0.0 199.8
654.0 49.9999999969 -86.6025403803 0.0 222.7
655.0 47.4999999971 -82.2724133613 0.0 241.5
656.0 44.9999999973 -77.9422863423 0.0 258.7
657.0 42.4999999976 -73.6121593232 0.0 272.1
658.0 39.9999999978 -69.2820323041 0.0 279.7
659.0 37.499999998 -64.9519052851 0.0 280.0
660.0 34.9999999983 -60.621778266 0.0 271.2
661.0 32.4999999985 -56.2916512469 0.0 258.1
662.0 29.9999999987 -51.9615242279 0.0 243.7
663.0 27.4999999989 -47.6313972088 0.0 232.6
664.0 24.9999999992 -43.3012701898 0.0 229.6
665.0 22.4999999994 -38.9711431707 0.0 227.3
666.0 19.9999999996 -34.6410161516 0.0 224.8
667.0 17.4999999998 -30.3108891326 0.0 248.3
171.0 15.0000000001 -25.9807621135 0.0 275.2
200.0 51.303021492 -140.95389312 0.0 390.6
668.0 49.5929207756 -136.255430016 0.0 318.8
669.0 47.8828200593 -131.556966912 0.0 287.9
670.0 46.172719343 -126.858503808 0.0 240.0
671.0 44.4626186266 -122.160040704 0.0 188.3
672.0 42.7525179103 -117.4615776 0.0 155.3
673.0 41.0424171939 -112.763114496 0.0 147.6
674.0 39.3323164776 -108.064651392 0.0 152.7
675.0 37.6222157613 -103.366188288 0.0 173.6
676.0 35.9121150449 -98.6677251842 0.0 199.8
677.0 34.2020143286 -93.9692620802 0.0 224.8
678.0 32.4919136122 -89.2707989761 0.0 245.3
679.0 30.7818128959 -84.5723358721 0.0 262.9
680.0 29.0717121796 -79.8738727681 0.0 276.8
681.0 27.3616114632 -75.175409664 0.0 284.4
682.0 25.6515107469 -70.47694656 0.0 283.4
683.0 23.9414100306 -65.7784834559 0.0 274.1
684.0 22.2313093142 -61.0800203519 0.0 260.5
685.0 20.5212085979 -56.3815572478 0.0 244.1
686.0 18.8111078815 -51.6830941438 0.0 233.8
687.0 17.1010071652 -46.9846310397 0.0 233.2
688.0 15.3909064489 -42.2861679357 0.0 231.3
689.0 13.6808057325 -37.5877048317 0.0 225.5
690.0 11.9707050162 -32.8892417276 0.0 243.7
172.0 10.2606042998 -28.1907786236 0.0 272.0
10.0 26.04722665 -147.721163 0.0 391.2
106.0 25.1789857617 -142.797124233 0.0 318.1
107.0 24.3107448733 -137.873085466 0.0 293.9
108.0 23.442503985 -132.949046699 0.0 246.1
109.0 22.5742630967 -128.025007932 0.0 189.1
110.0 21.7060222083 -123.100969165 0.0 152.2
111.0 20.83778132 -118.176930398 0.0 142.9
112.0 19.9695404317 -113.25289163 0.0 147.9
113.0 19.1012995434 -108.328852863 0.0 171.7
114.0 18.233058655 -103.404814096 0.0 200.1
115.0 17.3648177667 -98.4807753293 0.0 226.4
116.0 16.4965768784 -93.5567365622 0.0 248.3
117.0 15.62833599 -88.6326977952 0.0 266.7
118.0 14.7600951017 -83.7086590281 0.0 281.1
119.0 13.8918542134 -78.784620261 0.0 288.5
120.0 13.023613325 -73.8605814939 0.0 286.1
121.0 12.1553724367 -68.9365427268 0.0 276.2
122.0 11.2871315483 -64.0125039597 0.0 261.8
123.0 10.41889066 -59.0884651926 0.0 244.5
124.0 9.55064977168 -54.1644264255 0.0 235.6
125.0 8.68240888334 -49.2403876584 0.0 234.6
126.0 7.81416799501 -44.3163488913 0.0 232.5
127.0 6.94592710667 -39.3923101242 0.0 226.9
128.0 6.07768621833 -34.4682713571 0.0 240.8
11.0 5.20944533 -29.54423259 0.0 269.6
13.0 -150.0 0.0 0.0 379.0
151.0 -145.0 0.0 0.0 296.6
150.0 -140.0 0.0 0.0 222.8
149.0 -135.0 0.0 0.0 194.7
148.0 -130.0 0.0 0.0 187.7
147.0 -125.0 0.0 0.0 187.3
146.0 -120.0 0.0 0.0 190.5
145.0 -115.0 0.0 0.0 197.5
144.0 -110.0 0.0 0.0 205.5
143.0 -105.0 0.0 0.0 211.1
142.0 -99.9999999997 0.0 0.0 218.3
141.0 -94.9999999997 0.0 0.0 235.1
140.0 -89.9999999997 0.0 0.0 252.9
139.0 -84.9999999998 0.0 0.0 264.6
138.0 -79.9999999998 0.0 0.0 267.8
137.0 -74.9999999999 0.0 0.0 263.8
136.0 -69.9999999999 0.0 0.0 255.2
135.0 -65.0 0.0 0.0 242.5
134.0 -60.0 0.0 0.0 227.2
133.0 -55.0 0.0 0.0 217.5
132.0 -50.0 0.0 0.0 204.3
131.0 -45.0 0.0 0.0 199.3
130.0 -40.0 0.0 0.0 239.2
129.0 -35.0 0.0 0.0 272.4
12.0 -30.0 0.0 0.0 300.6
180.0 -147.721162952 26.047226651 0.0 376.8
230.0 -142.797124187 25.1789857626 0.0 294.3
229.0 -137.873085421 24.3107448743 0.0 219.3
228.0 -132.949046656 23.4425039859 0.0 192.5
227.0 -128.025007891 22.5742630975 0.0 187.0
226.0 -123.100969126 21.7060222091 0.0 187.0
225.0 -118.176930361 20.8377813207 0.0 190.6
224.0 -113.252891596 19.9695404324 0.0 198.6
223.0 -108.328852831 19.101299544 0.0 206.3
222.0 -103.404814066 18.2330586556 0.0 211.4
221.0 -98.4807753009 17.3648177672 0.0 217.7
220.0 -93.5567365358 16.4965768789 0.0 233.1
219.0 -88.6326977707 15.6283359905 0.0 250.2
218.0 -83.7086590057 14.7600951021 0.0 262.9
217.0 -78.7846202407 13.8918542137 0.0 267.9
216.0 -73.8605814757 13.0236133254 0.0 264.5
215.0 -68.9365427107 12.155372437 0.0 255.2
214.0 -64.0125039457 11.2871315486 0.0 242.1
213.0 -59.0884651807 10.4188906602 0.0 228.0
212.0 -54.1644264156 9.55064977186 0.0 218.0
211.0 -49.2403876506 8.68240888348 0.0 204.6
210.0 -44.3163488855 7.81416799511 0.0 199.7
209.0 -39.3923101205 6.94592710674 0.0 238.6
208.0 -34.4682713554 6.07768621836 0.0 272.4
152.0 -29.5442325904 5.20944532999 0.0 300.0
181.0 -140.953893117 51.3030215007 0.0 374.7
253.0 -136.255430013 49.592920784 0.0 293.7
252.0 -131.556966909 47.8828200673 0.0 218.8
251.0 -126.858503805 46.1727193506 0.0 192.2
250.0 -122.160040701 44.4626186339 0.0 186.7
249.0 -117.461577597 42.7525179172 0.0 186.6
248.0 -112.763114494 41.0424172004 0.0 191.3
247.0 -108.06465139 39.3323164837 0.0 200.5
246.0 -103.366188286 37.622215767 0.0 207.7
245.0 -98.6677251819 35.9121150503 0.0 212.3
244.0 -93.969262078 34.2020143336 0.0 217.5
243.0 -89.2707989741 32.4919136169 0.0 230.7
242.0 -84.5723358702 30.7818129002 0.0 244.5
241.0 -79.8738727663 29.0717121835 0.0 258.3
240.0 -75.1754096624 27.3616114668 0.0 267.0
239.0 -70.4769465586 25.6515107501 0.0 265.8
238.0 -65.7784834547 23.9414100334 0.0 255.8
237.0 -61.0800203509 22.2313093167 0.0 241.7
236.0 -56.381557247 20.5212086 0.0 228.1
235.0 -51.6830941431 18.8111078832 0.0 218.3
234.0 -46.9846310392 17.1010071665 0.0 206.7
233.0 -42.2861679353 15.3909064498 0.0 202.2
232.0 -37.5877048314 13.6808057331 0.0 235.4
231.0 -32.8892417275 11.9707050164 0.0 269.6
153.0 -28.1907786236 10.2606042997 0.0 297.1
182.0 -129.903810566 75.0000000026 0.0 372.7
276.0 -125.573683547 72.5000000024 0.0 294.1
275.0 -121.243556528 70.0000000023 0.0 221.6
274.0 -116.913429509 67.5000000022 0.0 194.3
273.0 -112.583302491 65.0000000021 0.0 187.4
272.0 -108.253175472 62.500000002 0.0 187.2
271.0 -103.923048453 60.0000000019 0.0 193.5
270.0 -99.592921434 57.5000000017 0.0 204.1
269.0 -95.2627944151 55.0000000016 0.0 211.5
268.0 -90.9326673962 52.5000000015 0.0 215.6
267.0 -86.6025403774 50.0000000014 0.0 219.5
266.0 -82.2724133585 47.5000000013 0.0 227.8
265.0 -77.9422863397 45.0000000012 0.0 238.7
264.0 -73.6121593208 42.5000000011 0.0 251.9
263.0 -69.282032302 40.000000001 0.0 263.4
262.0 -64.9519052832 37.5000000009 0.0 264.4
261.0 -60.6217782644 35.0000000008 0.0 254.0
260.0 -56.2916512456 32.5000000007 0.0 239.2
259.0 -51.9615242267 30.0000000006 0.0 228.5
258.0 -47.6313972079 27.5000000005 0.0 219.3
257.0 -43.301270189 25.0000000004 0.0 210.0
256.0 -38.9711431701 22.5000000003 0.0 208.1
255.0 -34.6410161513 20.0000000001 0.0 228.6
254.0 -30.3108891324 17.5 0.0 261.8
154.0 -25.9807621136 14.9999999999 0.0 291.7
183.0 -114.906666465 96.418141456 0.0 371.0
299.0 -111.07644425 93.2042034074 0.0 294.5
298.0 -107.246222034 89.9902653589 0.0 226.8
297.0 -103.415999819 86.7763273103 0.0 198.5
296.0 -99.5857776032 83.5623892617 0.0 189.6
295.0 -95.7555553877 80.3484512131 0.0 189.1
294.0 -91.9253331722 77.1345131646 0.0 196.9
293.0 -88.0951109567 73.920575116 0.0 208.6
292.0 -84.2648887413 70.7066370674 0.0 215.8
291.0 -80.4346665258 67.4926990189 0.0 219.3
290.0 -76.6044443103 64.2787609703 0.0 221.2
289.0 -72.7742220948 61.0648229217 0.0 226.3
288.0 -68.9439998793 57.8508848732 0.0 232.5
287.0 -65.1137776638 54.6369468246 0.0 245.2
286.0 -61.2835554484 51.4230087761 0.0 259.2
285.0 -57.4533332329 48.2090707275 0.0 260.6
284.0 -53.6231110175 44.995132679 0.0 250.0
283.0 -49.792888802 41.7811946304 0.0 237.4
282.0 -45.9626665865 38.5672565818 0.0 227.5
281.0 -42.132444371 35.3533185333 0.0 219.6
280.0 -38.3022221556 32.1393804847 0.0 214.5
279.0 -34.4719999401 28.9254424362 0.0 214.7
278.0 -30.6417777246 25.7115043876 0.0 221.6
277.0 -26.8115555091 22.4975663391 0.0 252.5
155.0 -22.9813332936 19.2836282905 0.0 284.7
184.0 -96.4181414491 114.906666471 0.0 369.4
322.0 -93.2042034008 111.076444255 0.0 293.9
321.0 -89.9902653525 107.24622204 0.0 233.0
320.0 -86.7763273042 103.415999824 0.0 204.4
319.0 -83.5623892559 99.5857776081 0.0 193.2
318.0 -80.3484512077 95.7555553924 0.0 192.2
317.0 -77.1345131594 91.9253331766 0.0 201.3
316.0 -73.9205751111 88.0951109609 0.0 213.7
315.0 -70.7066370628 84.2648887452 0.0 221.4
314.0 -67.4926990146 80.4346665294 0.0 223.8
313.0 -64.2787609663 76.6044443137 0.0 225.0
312.0 -61.064822918 72.7742220979 0.0 226.2
311.0 -57.8508848697 68.9439998822 0.0 230.7
310.0 -54.6369468215 65.1137776665 0.0 241.7
309.0 -51.4230087732 61.2835554507 0.0 253.5
308.0 -48.209070725 57.453333235 0.0 254.4
307.0 -44.9951326768 53.6231110193 0.0 246.4
306.0 -41.7811946285 49.7928888036 0.0 235.4
305.0 -38.5672565803 45.9626665879 0.0 226.2
304.0 -35.353318532 42.1324443721 0.0 218.2
303.0 -32.1393804837 38.3022221564 0.0 216.8
302.0 -28.9254424355 34.4719999407 0.0 217.9
301.0 -25.7115043872 30.641777725 0.0 218.8
300.0 -22.4975663389 26.8115555092 0.0 244.5
156.0 -19.2836282907 22.9813332935 0.0 277.7
185.0 -74.9999999946 129.903810571 0.0 368.2
345.0 -72.4999999949 125.573683552 0.0 291.9
344.0 -69.9999999951 121.243556533 0.0 238.6
343.0 -67.4999999953 116.913429514 0.0 210.8
342.0 -64.9999999955 112.583302494 0.0 197.6
341.0 -62.4999999957 108.253175475 0.0 196.0
340.0 -59.9999999959 103.923048456 0.0 205.6
339.0 -57.4999999961 99.5929214373 0.0 217.8
338.0 -54.9999999964 95.2627944183 0.0 224.4
337.0 -52.4999999966 90.9326673992 0.0 226.3
336.0 -49.9999999968 86.6025403801 0.0 227.7
335.0 -47.499999997 82.2724133611 0.0 229.6
334.0 -44.9999999972 77.942286342 0.0 235.0
333.0 -42.4999999975 73.612159323 0.0 244.2
332.0 -39.9999999977 69.2820323039 0.0 253.5
331.0 -37.499999998 64.9519052849 0.0 252.3
330.0 -34.9999999982 60.6217782658 0.0 246.5
329.0 -32.4999999985 56.2916512468 0.0 235.7
328.0 -29.9999999987 51.9615242278 0.0 224.7
327.0 -27.4999999989 47.6313972087 0.0 213.8
326.0 -24.9999999991 43.3012701897 0.0 215.5
325.0 -22.4999999994 38.9711431706 0.0 217.0
324.0 -19.9999999996 34.6410161516 0.0 217.1
323.0 -17.4999999998 30.3108891325 0.0 239.1
157.0 -15.0000000001 25.9807621135 0.0 266.4
186.0 -51.303021492 140.95389312 0.0 367.3
368.0 -49.5929207756 136.255430016 0.0 289.2
367.0 -47.8828200593 131.556966912 0.0 242.5
366.0 -46.1727193429 126.858503808 0.0 216.3
365.0 -44.4626186266 122.160040704 0.0 201.9
364.0 -42.7525179102 117.4615776 0.0 199.5
363.0 -41.0424171939 112.763114496 0.0 209.1
362.0 -39.3323164776 108.064651392 0.0 220.3
361.0 -37.6222157612 103.366188288 0.0 224.6
360.0 -35.9121150449 98.667725184 0.0 225.6
359.0 -34.2020143285 93.9692620799 0.0 227.3
358.0 -32.4919136122 89.2707989759 0.0 232.6
357.0 -30.7818128958 84.5723358718 0.0 241.9
356.0 -29.0717121795 79.8738727678 0.0 250.7
355.0 -27.3616114632 75.1754096638 0.0 255.0
354.0 -25.6515107468 70.4769465598 0.0 252.0
353.0 -23.9414100305 65.7784834557 0.0 246.7
352.0 -22.2313093142 61.0800203517 0.0 236.3
351.0 -20.5212085979 56.3815572477 0.0 221.7
350.0 -18.8111078815 51.6830941437 0.0 207.8
349.0 -17.1010071652 46.9846310397 0.0 211.4
348.0 -15.3909064488 42.2861679356 0.0 214.1
347.0 -13.6808057325 37.5877048316 0.0 215.2
346.0 -11.9707050162 32.8892417276 0.0 234.8
158.0 -10.2606042998 28.1907786236 0.0 254.1
5.0 -26.04722665 147.721163 0.0 366.7
59.0 -25.1789857617 142.797124233 0.0 286.9
58.0 -24.3107448733 137.873085466 0.0 244.6
57.0 -23.442503985 132.949046699 0.0 220.0
56.0 -22.5742630967 128.025007932 0.0 204.9
55.0 -21.7060222083 123.100969165 0.0 202.1
54.0 -20.83778132 118.176930397 0.0 211.6
53.0 -19.9695404317 113.25289163 0.0 222.2
52.0 -19.1012995433 108.328852863 0.0 225.8
51.0 -18.233058655 103.404814096 0.0 226.8
50.0 -17.3648177666 98.480775329 0.0 229.3
49.0 -16.4965768783 93.5567365619 0.0 236.4
48.0 -15.62833599 88.6326977948 0.0 247.2
47.0 -14.7600951016 83.7086590278 0.0 255.5
46.0 -13.8918542133 78.7846202607 0.0 255.4
45.0 -13.023613325 73.8605814936 0.0 251.0
44.0 -12.1553724367 68.9365427266 0.0 246.9
43.0 -11.2871315483 64.0125039595 0.0 236.6
42.0 -10.41889066 59.0884651924 0.0 219.1
41.0 -9.55064977166 54.1644264254 0.0 202.0
40.0 -8.68240888333 49.2403876583 0.0 205.9
39.0 -7.81416799499 44.3163488912 0.0 211.2
38.0 -6.94592710666 39.3923101241 0.0 214.0
37.0 -6.07768621833 34.4682713571 0.0 231.9
4.0 -5.20944533 29.54423259 0.0 248.6
207.0 -147.721162998 -26.0472266594 0.0 381.1
845.0 -142.797124231 -25.1789857707 0.0 300.6
838.0 -137.873085464 -24.3107448819 0.0 229.0
831.0 -132.949046697 -23.4425039932 0.0 198.2
824.0 -128.02500793 -22.5742631045 0.0 188.1
817.0 -123.100969163 -21.7060222157 0.0 186.4
810.0 -118.176930396 -20.837781327 0.0 189.7
803.0 -113.252891629 -19.9695404383 0.0 196.5
796.0 -108.328852862 -19.1012995495 0.0 204.8
789.0 -103.404814095 -18.2330586608 0.0 210.6
782.0 -98.4807753279 -17.3648177721 0.0 217.8
775.0 -93.5567365609 -16.4965768834 0.0 233.8
768.0 -88.6326977939 -15.6283359946 0.0 252.6
761.0 -83.7086590269 -14.7600951059 0.0 263.3
754.0 -78.78462026 -13.8918542172 0.0 267.8
747.0 -73.860581493 -13.0236133285 0.0 264.0
740.0 -68.9365427261 -12.1553724397 0.0 254.9
733.0 -64.0125039591 -11.287131551 0.0 242.3
726.0 -59.0884651921 -10.4188906623 0.0 227.8
719.0 -54.1644264251 -9.55064977357 0.0 218.1
712.0 -49.2403876581 -8.68240888485 0.0 205.3
705.0 -44.3163488911 -7.81416799612 0.0 199.8
698.0 -39.392310124 -6.9459271074 0.0 239.0
691.0 -34.468271357 -6.07768621867 0.0 272.3
179.0 -29.54423259 -5.20944532995 0.0 300.5
206.0 -140.953893162 -51.3030215172 0.0 383.2
846.0 -136.255430056 -49.5929207998 0.0 305.7
839.0 -131.55696695 -47.8828200824 0.0 237.3
832.0 -126.858503844 -46.172719365 0.0 202.8
825.0 -122.160040738 -44.4626186475 0.0 187.9
818.0 -117.461577633 -42.7525179301 0.0 183.5
811.0 -112.763114527 -41.0424172127 0.0 187.1
804.0 -108.064651421 -39.3323164953 0.0 194.6
797.0 -103.366188315 -37.6222157779 0.0 204.7
790.0 -98.6677252095 -35.9121150605 0.0 210.8
783.0 -93.9692621037 -34.2020143431 0.0 215.9
776.0 -89.270798998 -32.4919136257 0.0 230.4
769.0 -84.5723358922 -30.7818129083 0.0 247.7
762.0 -79.8738727865 -29.071712191 0.0 259.4
755.0 -75.1754096808 -27.3616114736 0.0 267.4
748.0 -70.476946575 -25.6515107562 0.0 267.1
741.0 -65.7784834693 -23.9414100388 0.0 256.5
734.0 -61.0800203636 -22.2313093214 0.0 244.1
727.0 -56.3815572579 -20.521208604 0.0 228.9
720.0 -51.6830941521 -18.8111078866 0.0 219.2
713.0 -46.9846310463 -17.1010071692 0.0 207.4
706.0 -42.2861679405 -15.3909064518 0.0 202.0
699.0 -37.5877048348 -13.6808057344 0.0 238.3
692.0 -32.889241729 -11.970705017 0.0 271.9
178.0 -28.1907786232 -10.2606042997 0.0 298.9
205.0 -129.903810607 -75.0000000266 0.0 385.2
847.0 -125.573683586 -72.5000000255 0.0 311.0
840.0 -121.243556566 -70.0000000244 0.0 247.0
833.0 -116.913429545 -67.5000000232 0.0 208.5
826.0 -112.583302525 -65.0000000221 0.0 187.3
819.0 -108.253175504 -62.500000021 0.0 178.7
812.0 -103.923048483 -60.0000000199 0.0 181.5
805.0 -99.5929214628 -57.5000000187 0.0 189.4
798.0 -95.2627944422 -55.0000000176 0.0 200.7
791.0 -90.9326674216 -52.5000000165 0.0 208.4
784.0 -86.6025404011 -50.0000000154 0.0 214.1
777.0 -82.2724133805 -47.5000000143 0.0 227.5
770.0 -77.9422863599 -45.0000000131 0.0 245.0
763.0 -73.6121593394 -42.500000012 0.0 258.7
756.0 -69.2820323188 -40.0000000109 0.0 268.7
749.0 -64.9519052983 -37.5000000098 0.0 269.5
742.0 -60.6217782778 -35.0000000087 0.0 260.2
735.0 -56.2916512572 -32.5000000076 0.0 246.8
728.0 -51.9615242367 -30.0000000065 0.0 232.0
721.0 -47.6313972161 -27.5000000054 0.0 222.1
714.0 -43.3012701955 -25.0000000043 0.0 210.2
707.0 -38.9711431749 -22.5000000032 0.0 206.0
700.0 -34.6410161544 -20.0000000021 0.0 235.0
693.0 -30.3108891338 -17.5000000009 0.0 269.4
177.0 -25.9807621132 -14.9999999998 0.0 295.9
204.0 -114.906666501 -96.4181414869 0.0 386.9
848.0 -111.076444284 -93.204203437 0.0 315.4
841.0 -107.246222067 -89.9902653871 0.0 257.7
834.0 -103.41599985 -86.7763273373 0.0 215.3
827.0 -99.5857776331 -83.5623892874 0.0 186.8
820.0 -95.7555554161 -80.3484512375 0.0 172.5
813.0 -91.9253331991 -77.1345131877 0.0 173.3
806.0 -88.0951109821 -73.9205751378 0.0 180.6
799.0 -84.2648887651 -70.706637088 0.0 192.9
792.0 -80.4346665481 -67.4926990381 0.0 204.6
785.0 -76.6044443311 -64.2787609882 0.0 215.2
778.0 -72.7742221141 -61.0648229384 0.0 229.8
771.0 -68.9439998971 -57.8508848885 0.0 247.4
764.0 -65.1137776801 -54.6369468387 0.0 261.1
757.0 -61.2835554632 -51.4230087888 0.0 271.4
750.0 -57.4533332462 -48.209070739 0.0 272.8
743.0 -53.6231110292 -44.9951326892 0.0 264.1
736.0 -49.7928888123 -41.7811946393 0.0 250.6
729.0 -45.9626665953 -38.5672565895 0.0 236.1
722.0 -42.1324443783 -35.3533185396 0.0 225.4
715.0 -38.3022221613 -32.1393804898 0.0 215.5
708.0 -34.4719999443 -28.9254424399 0.0 212.3
701.0 -30.6417777273 -25.7115043901 0.0 229.8
694.0 -26.8115555103 -22.4975663402 0.0 263.8
176.0 -22.9813332933 -19.2836282904 0.0 289.5
203.0 -96.4181414793 -114.906666508 0.0 388.5
849.0 -93.2042034297 -111.07644429 0.0 318.1
842.0 -89.9902653801 -107.246222073 0.0 268.7
835.0 -86.7763273306 -103.415999856 0.0 223.3
828.0 -83.562389281 -99.5857776385 0.0 186.8
821.0 -80.3484512314 -95.7555554213 0.0 166.0
814.0 -77.1345131819 -91.925333204 0.0 163.9
807.0 -73.9205751324 -88.0951109867 0.0 170.1
800.0 -70.7066370828 -84.2648887695 0.0 184.1
793.0 -67.4926990333 -80.4346665522 0.0 201.6
786.0 -64.2787609837 -76.6044443349 0.0 219.0
779.0 -61.0648229342 -72.7742221176 0.0 235.5
772.0 -57.8508848847 -68.9439999004 0.0 252.8
765.0 -54.6369468351 -65.1137776831 0.0 266.3
758.0 -51.4230087856 -61.2835554659 0.0 275.4
751.0 -48.2090707361 -57.4533332486 0.0 275.8
744.0 -44.9951326866 -53.6231110314 0.0 267.6
737.0 -41.7811946371 -49.7928888141 0.0 254.6
730.0 -38.5672565876 -45.9626665969 0.0 240.7
723.0 -35.353318538 -42.1324443796 0.0 229.0
716.0 -32.1393804885 -38.3022221623 0.0 222.8
709.0 -28.925442439 -34.4719999451 0.0 220.3
702.0 -25.7115043894 -30.6417777278 0.0 225.9
695.0 -22.4975663399 -26.8115555106 0.0 255.8
175.0 -19.2836282904 -22.9813332933 0.0 281.4
202.0 -75.0000000181 -129.903810612 0.0 389.7
850.0 -72.5000000174 -125.573683591 0.0 319.1
843.0 -70.0000000166 -121.24355657 0.0 279.1
836.0 -67.5000000158 -116.91342955 0.0 231.9
829.0 -65.000000015 -112.583302529 0.0 187.4
822.0 -62.5000000142 -108.253175508 0.0 160.0
815.0 -60.0000000135 -103.923048487 0.0 154.8
808.0 -57.5000000127 -99.5929214664 0.0 160.1
801.0 -55.0000000119 -95.2627944456 0.0 176.9
794.0 -52.5000000112 -90.9326674248 0.0 199.8
787.0 -50.0000000104 -86.602540404 0.0 222.7
780.0 -47.5000000096 -82.2724133832 0.0 241.5
773.0 -45.0000000089 -77.9422863624 0.0 258.7
766.0 -42.5000000081 -73.6121593417 0.0 272.1
759.0 -40.0000000074 -69.2820323209 0.0 279.7
752.0 -37.5000000066 -64.9519053001 0.0 280.0
745.0 -35.0000000059 -60.6217782794 0.0 271.2
738.0 -32.5000000052 -56.2916512586 0.0 258.1
731.0 -30.0000000044 -51.9615242378 0.0 243.7
724.0 -27.5000000036 -47.6313972171 0.0 232.6
717.0 -25.0000000029 -43.3012701963 0.0 229.6
710.0 -22.5000000021 -38.9711431755 0.0 227.3
703.0 -20.0000000014 -34.6410161548 0.0 224.8
696.0 -17.5000000006 -30.310889134 0.0 248.3
174.0 -14.9999999998 -25.9807621132 0.0 275.2
201.0 -51.3030215081 -140.953893165 0.0 390.6
851.0 -49.5929207911 -136.255430059 0.0 318.8
844.0 -47.882820074 -131.556966953 0.0 287.9
837.0 -46.172719357 -126.858503847 0.0 240.0
830.0 -44.46261864 -122.160040741 0.0 188.3
823.0 -42.752517923 -117.461577635 0.0 155.3
816.0 -41.0424172059 -112.763114529 0.0 147.6
809.0 -39.3323164889 -108.064651424 0.0 152.7
802.0 -37.6222157719 -103.366188318 0.0 173.6
795.0 -35.9121150549 -98.6677252117 0.0 199.8
788.0 -34.2020143379 -93.9692621058 0.0 224.8
781.0 -32.4919136208 -89.2707989999 0.0 245.3
774.0 -30.7818129038 -84.572335894 0.0 262.9
767.0 -29.0717121868 -79.8738727881 0.0 276.8
760.0 -27.3616114698 -75.1754096822 0.0 284.4
753.0 -25.6515107528 -70.4769465763 0.0 283.4
746.0 -23.9414100358 -65.7784834704 0.0 274.1
739.0 -22.2313093188 -61.0800203645 0.0 260.5
732.0 -20.5212086018 -56.3815572586 0.0 244.1
725.0 -18.8111078848 -51.6830941527 0.0 233.8
718.0 -17.1010071677 -46.9846310468 0.0 233.2
711.0 -15.3909064507 -42.2861679409 0.0 231.3
704.0 -13.6808057337 -37.587704835 0.0 225.5
697.0 -11.9707050167 -32.8892417291 0.0 243.7
173.0 -10.2606042997 -28.1907786232 0.0 272.0
7.0 -26.04722665 -147.721163 0.0 391.2
105.0 -25.1789857617 -142.797124233 0.0 318.1
104.0 -24.3107448733 -137.873085466 0.0 293.9
103.0 -23.442503985 -132.949046699 0.0 246.1
102.0 -22.5742630967 -128.025007932 0.0 189.1
101.0 -21.7060222083 -123.100969165 0.0 152.2
100.0 -20.83778132 -118.176930397 0.0 142.9
99.0 -19.9695404317 -113.25289163 0.0 147.9
98.0 -19.1012995433 -108.328852863 0.0 171.7
97.0 -18.233058655 -103.404814096 0.0 200.1
96.0 -17.3648177666 -98.480775329 0.0 226.4
95.0 -16.4965768783 -93.5567365619 0.0 248.3
94.0 -15.62833599 -88.6326977948 0.0 266.7
93.0 -14.7600951016 -83.7086590278 0.0 281.1
92.0 -13.8918542133 -78.7846202607 0.0 288.5
91.0 -13.023613325 -73.8605814936 0.0 286.1
90.0 -12.1553724367 -68.9365427266 0.0 276.2
89.0 -11.2871315483 -64.0125039595 0.0 261.8
88.0 -10.41889066 -59.0884651924 0.0 244.5
87.0 -9.55064977166 -54.1644264254 0.0 235.6
86.0 -8.68240888333 -49.2403876583 0.0 234.6
85.0 -7.81416799499 -44.3163488912 0.0 232.5
84.0 -6.94592710666 -39.3923101241 0.0 226.9
83.0 -6.07768621833 -34.4682713571 0.0 240.8
6.0 -5.20944533 -29.54423259 0.0 269.6