25.0 147.721162952 26.0472266501 0.0 376.8
511.0 142.797124187 25.1789857617 0.0 294.3
512.0 137.873085422 24.3107448734 0.0 219.3
513.0 132.949046656 23.442503985 0.0 192.5
514.0 128.025007891 22.5742630967 0.0 187.0
515.0 123.100969126 21.7060222084 0.0 187.0
516.0 118.176930361 20.83778132 0.0 190.6
517.0 113.252891596 19.9695404317 0.0 198.6
518.0 108.328852831 19.1012995433 0.0 206.3
519.0 103.404814066 18.233058655 0.0 211.4
520.0 98.4807753009 17.3648177667 0.0 217.7
521.0 93.5567365359 16.4965768783 0.0 233.1
522.0 88.6326977708 15.62833599 0.0 250.2
523.0 83.7086590058 14.7600951017 0.0 262.9
524.0 78.7846202408 13.8918542133 0.0 267.9
525.0 73.8605814758 13.023613325 0.0 264.5
526.0 68.9365427108 12.1553724367 0.0 255.2
527.0 64.0125039458 11.2871315484 0.0 242.1
528.0 59.0884651807 10.41889066 0.0 228.0
529.0 54.1644264157 9.55064977168 0.0 218.0
530.0 49.2403876506 8.68240888334 0.0 204.6
531.0 44.3163488856 7.814167995 0.0 199.7
532.0 39.3923101205 6.94592710667 0.0 238.6
533.0 34.4682713554 6.07768621833 0.0 272.4
66.0 29.5442325904 5.20944532999 0.0 300.0
24.0 140.953893118 51.303021499 0.0 374.7
488.0 136.255430014 49.5929207823 0.0 293.7
489.0 131.55696691 47.8828200656 0.0 218.8
490.0 126.858503806 46.172719349 0.0 192.2
491.0 122.160040702 44.4626186323 0.0 186.7
492.0 117.461577598 42.7525179157 0.0 186.6
493.0 112.763114494 41.0424171991 0.0 191.3
494.0 108.06465139 39.3323164824 0.0 200.5
495.0 103.366188286 37.6222157658 0.0 207.7
496.0 98.6677251822 35.9121150492 0.0 212.3
497.0 93.9692620783 34.2020143325 0.0 217.5
498.0 89.2707989744 32.4919136159 0.0 230.7
499.0 84.5723358704 30.7818128993 0.0 244.5
500.0 79.8738727666 29.0717121826 0.0 258.3
501.0 75.1754096627 27.361611466 0.0 267.0
502.0 70.4769465588 25.6515107494 0.0 265.8
503.0 65.7784834549 23.9414100328 0.0 255.8
504.0 61.0800203511 22.2313093162 0.0 241.7
505.0 56.3815572472 20.5212085995 0.0 228.1
506.0 51.6830941432 18.8111078829 0.0 218.3
507.0 46.9846310393 17.1010071663 0.0 206.7
508.0 42.2861679354 15.3909064496 0.0 202.2
509.0 37.5877048314 13.680805733 0.0 235.4
510.0 32.8892417275 11.9707050164 0.0 269.6
67.0 28.1907786236 10.2606042997 0.0 297.1
23.0 129.903810568 75.0000000002 0.0 372.7
465.0 125.573683549 72.5000000001 0.0 294.1
466.0 121.24355653 70.0000000001 0.0 221.6
467.0 116.913429511 67.5 0.0 194.3
468.0 112.583302492 65.0 0.0 187.4
469.0 108.253175473 62.5 0.0 187.2
470.0 103.923048454 60.0 0.0 193.5
471.0 99.5929214349 57.5 0.0 204.1
472.0 95.262794416 55.0 0.0 211.5
473.0 90.9326673971 52.4999999999 0.0 215.6
474.0 86.6025403782 49.9999999999 0.0 219.5
475.0 82.2724133592 47.4999999999 0.0 227.8
476.0 77.9422863403 44.9999999999 0.0 238.7
477.0 73.6121593214 42.4999999999 0.0 251.9
478.0 69.2820323026 40.0 0.0 263.4
479.0 64.9519052837 37.5 0.0 264.4
480.0 60.6217782648 35.0 0.0 254.0
481.0 56.291651246 32.5 0.0 239.2
482.0 51.9615242271 30.0 0.0 228.5
483.0 47.6313972081 27.5 0.0 219.3
484.0 43.3012701892 25.0 0.0 210.0
485.0 38.9711431703 22.5 0.0 208.1
486.0 34.6410161514 20.0 0.0 228.6
487.0 30.3108891325 17.5 0.0 261.8
68.0 25.9807621136 15.0 0.0 291.7
22.0 114.906666468 96.4181414532 0.0 371.0
442.0 111.076444252 93.2042034047 0.0 294.5
443.0 107.246222036 89.9902653562 0.0 226.8
444.0 103.415999821 86.7763273077 0.0 198.5
445.0 99.5857776052 83.5623892592 0.0 189.6
446.0 95.7555553895 80.3484512108 0.0 189.1
447.0 91.925333174 77.1345131623 0.0 196.9
448.0 88.0951109584 73.9205751139 0.0 208.6
449.0 84.2648887428 70.7066370654 0.0 215.8
450.0 80.4346665272 67.492699017 0.0 219.3
451.0 76.6044443116 64.2787609686 0.0 221.2
452.0 72.774222096 61.0648229201 0.0 226.3
453.0 68.9439998804 57.8508848717 0.0 232.5
454.0 65.1137776649 54.6369468233 0.0 245.2
455.0 61.2835554493 51.4230087749 0.0 259.2
456.0 57.4533332338 48.2090707265 0.0 260.6
457.0 53.6231110182 44.995132678 0.0 250.0
458.0 49.7928888027 41.7811946296 0.0 237.4
459.0 45.9626665871 38.5672565812 0.0 227.5
460.0 42.1324443715 35.3533185328 0.0 219.6
461.0 38.302222156 32.1393804843 0.0 214.5
462.0 34.4719999404 28.9254424359 0.0 214.7
463.0 30.6417777248 25.7115043874 0.0 221.6
464.0 26.8115555092 22.497566339 0.0 252.5
69.0 22.9813332936 19.2836282906 0.0 284.7
21.0 96.4181414528 114.906666468 0.0 369.4
419.0 93.2042034043 111.076444252 0.0 293.9
420.0 89.9902653559 107.246222037 0.0 233.0
421.0 86.7763273074 103.415999821 0.0 204.4
422.0 83.5623892589 99.5857776054 0.0 193.2
423.0 80.3484512105 95.7555553898 0.0 192.2
424.0 77.1345131621 91.9253331742 0.0 201.3
425.0 73.9205751136 88.0951109586 0.0 213.7
426.0 70.7066370652 84.264888743 0.0 221.4
427.0 67.4926990168 80.4346665274 0.0 223.8
428.0 64.2787609684 76.6044443118 0.0 225.0
429.0 61.0648229199 72.7742220962 0.0 226.2
430.0 57.8508848715 68.9439998806 0.0 230.7
431.0 54.6369468231 65.113777665 0.0 241.7
432.0 51.4230087747 61.2835554494 0.0 253.5
433.0 48.2090707264 57.4533332339 0.0 254.4
434.0 44.995132678 53.6231110183 0.0 246.4
435.0 41.7811946296 49.7928888028 0.0 235.4
436.0 38.5672565812 45.9626665872 0.0 226.2
437.0 35.3533185328 42.1324443716 0.0 218.2
438.0 32.1393804843 38.302222156 0.0 216.8
439.0 28.9254424359 34.4719999403 0.0 217.9
440.0 25.7115043875 30.6417777247 0.0 218.8
441.0 22.4975663391 26.8115555091 0.0 244.5
70.0 19.2836282906 22.9813332935 0.0 277.7
20.0 74.9999999998 129.903810568 0.0 368.2
396.0 72.4999999998 125.573683549 0.0 291.9
397.0 69.9999999998 121.24355653 0.0 238.6
398.0 67.4999999998 116.913429511 0.0 210.8
399.0 64.9999999997 112.583302492 0.0 197.6
400.0 62.4999999997 108.253175473 0.0 196.0
401.0 59.9999999997 103.923048454 0.0 205.6
402.0 57.4999999997 99.592921435 0.0 217.8
403.0 54.9999999998 95.2627944161 0.0 224.4
404.0 52.4999999998 90.9326673972 0.0 226.3
405.0 49.9999999998 86.6025403782 0.0 227.7
406.0 47.4999999998 82.2724133593 0.0 229.6
407.0 44.9999999998 77.9422863404 0.0 235.0
408.0 42.4999999998 73.6121593215 0.0 244.2
409.0 39.9999999999 69.2820323026 0.0 253.5
410.0 37.4999999999 64.9519052838 0.0 252.3
411.0 34.9999999999 60.6217782649 0.0 246.5
412.0 32.5 56.291651246 0.0 235.7
413.0 30.0 51.9615242271 0.0 224.7
414.0 27.5 47.6313972082 0.0 213.8
415.0 25.0 43.3012701892 0.0 215.5
416.0 22.5 38.9711431703 0.0 217.0
417.0 20.0 34.6410161514 0.0 217.1
418.0 17.5 30.3108891324 0.0 239.1
71.0 15.0 25.9807621135 0.0 266.4
19.0 51.3030214987 140.953893118 0.0 367.3
373.0 49.5929207821 136.255430014 0.0 289.2
374.0 47.8828200654 131.55696691 0.0 242.5
375.0 46.1727193488 126.858503806 0.0 216.3
376.0 44.4626186321 122.160040702 0.0 201.9
377.0 42.7525179155 117.461577598 0.0 199.5
378.0 41.0424171989 112.763114494 0.0 209.1
379.0 39.3323164823 108.06465139 0.0 220.3
380.0 37.6222157656 103.366188286 0.0 224.6
381.0 35.912115049 98.6677251823 0.0 225.6
382.0 34.2020143324 93.9692620783 0.0 227.3
383.0 32.4919136158 89.2707989744 0.0 232.6
384.0 30.7818128992 84.5723358705 0.0 241.9
385.0 29.0717121826 79.8738727666 0.0 250.7
386.0 27.361611466 75.1754096627 0.0 255.0
387.0 25.6515107493 70.4769465588 0.0 252.0
388.0 23.9414100327 65.778483455 0.0 246.7
389.0 22.2313093161 61.0800203511 0.0 236.3
390.0 20.5212085995 56.3815572472 0.0 221.7
391.0 18.8111078829 51.6830941432 0.0 207.8
392.0 17.1010071663 46.9846310393 0.0 211.4
393.0 15.3909064497 42.2861679354 0.0 214.1
394.0 13.680805733 37.5877048314 0.0 215.2
395.0 11.9707050164 32.8892417275 0.0 234.8
72.0 10.2606042998 28.1907786236 0.0 254.1
18.0 26.04722665 147.721162952 0.0 366.7
350.0 25.1789857616 142.797124187 0.0 286.9
351.0 24.3107448733 137.873085422 0.0 244.6
352.0 23.4425039849 132.949046656 0.0 220.0
353.0 22.5742630966 128.025007891 0.0 204.9
354.0 21.7060222083 123.100969126 0.0 202.1
355.0 20.8377813199 118.176930361 0.0 211.6
356.0 19.9695404316 113.252891596 0.0 222.2
357.0 19.1012995433 108.328852831 0.0 225.8
358.0 18.2330586549 103.404814066 0.0 226.8
359.0 17.3648177666 98.4807753009 0.0 229.3
360.0 16.4965768783 93.5567365359 0.0 236.4
361.0 15.6283359899 88.6326977708 0.0 247.2
362.0 14.7600951016 83.7086590058 0.0 255.5
363.0 13.8918542133 78.7846202408 0.0 255.4
364.0 13.023613325 73.8605814758 0.0 251.0
365.0 12.1553724367 68.9365427108 0.0 246.9
366.0 11.2871315483 64.0125039458 0.0 236.6
367.0 10.41889066 59.0884651807 0.0 219.1
368.0 9.55064977167 54.1644264157 0.0 202.0
369.0 8.68240888334 49.2403876506 0.0 205.9
370.0 7.81416799501 44.3163488856 0.0 211.2
371.0 6.94592710668 39.3923101205 0.0 214.0
372.0 6.07768621835 34.4682713554 0.0 231.9
73.0 5.20944533002 29.5442325904 0.0 248.6
49.0 -29.5442325904 5.20944533002 0.0 381.1
188.0 -34.4682713554 6.07768621835 0.0 300.6
187.0 -39.3923101205 6.94592710668 0.0 229.0
186.0 -44.3163488856 7.81416799501 0.0 198.2
185.0 -49.2403876506 8.68240888334 0.0 188.1
184.0 -54.1644264157 9.55064977167 0.0 186.4
183.0 -59.0884651807 10.41889066 0.0 189.7
182.0 -64.0125039458 11.2871315483 0.0 196.5
181.0 -68.9365427108 12.1553724367 0.0 204.8
180.0 -73.8605814758 13.023613325 0.0 210.6
179.0 -78.7846202408 13.8918542133 0.0 217.8
178.0 -83.7086590058 14.7600951016 0.0 233.8
177.0 -88.6326977708 15.6283359899 0.0 252.6
176.0 -93.5567365359 16.4965768783 0.0 263.3
175.0 -98.4807753009 17.3648177666 0.0 267.8
174.0 -103.404814066 18.2330586549 0.0 264.0
173.0 -108.328852831 19.1012995433 0.0 254.9
172.0 -113.252891596 19.9695404316 0.0 242.3
171.0 -118.176930361 20.8377813199 0.0 227.8
170.0 -123.100969126 21.7060222083 0.0 218.1
169.0 -128.025007891 22.5742630966 0.0 205.3
168.0 -132.949046656 23.4425039849 0.0 199.8
167.0 -137.873085422 24.3107448733 0.0 239.0
166.0 -142.797124187 25.1789857616 0.0 272.3
10.0 -147.721162952 26.04722665 0.0 300.5
48.0 -28.1907786236 10.2606042998 0.0 383.2
211.0 -32.8892417275 11.9707050164 0.0 305.7
210.0 -37.5877048314 13.680805733 0.0 237.3
209.0 -42.2861679354 15.3909064497 0.0 202.8
208.0 -46.9846310393 17.1010071663 0.0 187.9
207.0 -51.6830941432 18.8111078829 0.0 183.5
206.0 -56.3815572472 20.5212085995 0.0 187.1
205.0 -61.0800203511 22.2313093161 0.0 194.6
204.0 -65.778483455 23.9414100327 0.0 204.7
203.0 -70.4769465588 25.6515107493 0.0 210.8
202.0 -75.1754096627 27.361611466 0.0 215.9
201.0 -79.8738727666 29.0717121826 0.0 230.4
200.0 -84.5723358705 30.7818128992 0.0 247.7
199.0 -89.2707989744 32.4919136158 0.0 259.4
198.0 -93.9692620783 34.2020143324 0.0 267.4
197.0 -98.6677251823 35.912115049 0.0 267.1
196.0 -103.366188286 37.6222157656 0.0 256.5
195.0 -108.06465139 39.3323164823 0.0 244.1
194.0 -112.763114494 41.0424171989 0.0 228.9
193.0 -117.461577598 42.7525179155 0.0 219.2
192.0 -122.160040702 44.4626186321 0.0 207.4
191.0 -126.858503806 46.1727193488 0.0 202.0
190.0 -131.55696691 47.8828200654 0.0 238.3
189.0 -136.255430014 49.5929207821 0.0 271.9
11.0 -140.953893118 51.3030214987 0.0 298.9
47.0 -25.9807621135 15.0 0.0 385.2
234.0 -30.3108891324 17.5 0.0 311.0
233.0 -34.6410161514 20.0 0.0 247.0
232.0 -38.9711431703 22.5 0.0 208.5
231.0 -43.3012701892 25.0 0.0 187.3
230.0 -47.6313972082 27.5 0.0 178.7
229.0 -51.9615242271 30.0 0.0 181.5
228.0 -56.291651246 32.5 0.0 189.4
227.0 -60.6217782649 34.9999999999 0.0 200.7
226.0 -64.9519052838 37.4999999999 0.0 208.4
225.0 -69.2820323026 39.9999999999 0.0 214.1
224.0 -73.6121593215 42.4999999998 0.0 227.5
223.0 -77.9422863404 44.9999999998 0.0 245.0
222.0 -82.2724133593 47.4999999998 0.0 258.7
221.0 -86.6025403782 49.9999999998 0.0 268.7
220.0 -90.9326673972 52.4999999998 0.0 269.5
219.0 -95.2627944161 54.9999999998 0.0 260.2
218.0 -99.592921435 57.4999999997 0.0 246.8
217.0 -103.923048454 59.9999999997 0.0 232.0
216.0 -108.253175473 62.4999999997 0.0 222.1
215.0 -112.583302492 64.9999999997 0.0 210.2
214.0 -116.913429511 67.4999999998 0.0 206.0
213.0 -121.24355653 69.9999999998 0.0 235.0
212.0 -125.573683549 72.4999999998 0.0 269.4
12.0 -129.903810568 74.9999999998 0.0 295.9
46.0 -22.9813332935 19.2836282906 0.0 386.9
257.0 -26.8115555091 22.4975663391 0.0 315.4
256.0 -30.6417777247 25.7115043875 0.0 257.7
255.0 -34.4719999403 28.9254424359 0.0 215.3
254.0 -38.302222156 32.1393804843 0.0 186.8
253.0 -42.1324443716 35.3533185328 0.0 172.5
252.0 -45.9626665872 38.5672565812 0.0 173.3
251.0 -49.7928888028 41.7811946296 0.0 180.6
250.0 -53.6231110183 44.995132678 0.0 192.9
249.0 -57.4533332339 48.2090707264 0.0 204.6
248.0 -61.2835554494 51.4230087747 0.0 215.2
247.0 -65.113777665 54.6369468231 0.0 229.8
246.0 -68.9439998806 57.8508848715 0.0 247.4
245.0 -72.7742220962 61.0648229199 0.0 261.1
244.0 -76.6044443118 64.2787609684 0.0 271.4
243.0 -80.4346665274 67.4926990168 0.0 272.8
242.0 -84.264888743 70.7066370652 0.0 264.1
241.0 -88.0951109586 73.9205751136 0.0 250.6
240.0 -91.9253331742 77.1345131621 0.0 236.1
239.0 -95.7555553898 80.3484512105 0.0 225.4
238.0 -99.5857776054 83.5623892589 0.0 215.5
237.0 -103.415999821 86.7763273074 0.0 212.3
236.0 -107.246222037 89.9902653559 0.0 229.8
235.0 -111.076444252 93.2042034043 0.0 263.8
13.0 -114.906666468 96.4181414528 0.0 289.5
45.0 -19.2836282906 22.9813332936 0.0 388.5
280.0 -22.497566339 26.8115555092 0.0 318.1
279.0 -25.7115043874 30.6417777248 0.0 268.7
278.0 -28.9254424359 34.4719999404 0.0 223.3
277.0 -32.1393804843 38.302222156 0.0 186.8
276.0 -35.3533185328 42.1324443715 0.0 166.0
275.0 -38.5672565812 45.9626665871 0.0 163.9
274.0 -41.7811946296 49.7928888027 0.0 170.1
273.0 -44.995132678 53.6231110182 0.0 184.1
272.0 -48.2090707265 57.4533332338 0.0 201.6
271.0 -51.4230087749 61.2835554493 0.0 219.0
270.0 -54.6369468233 65.1137776649 0.0 235.5
269.0 -57.8508848717 68.9439998804 0.0 252.8
268.0 -61.0648229201 72.774222096 0.0 266.3
267.0 -64.2787609686 76.6044443116 0.0 275.4
266.0 -67.492699017 80.4346665272 0.0 275.8
265.0 -70.7066370654 84.2648887428 0.0 267.6
264.0 -73.9205751139 88.0951109584 0.0 254.6
263.0 -77.1345131623 91.925333174 0.0 240.7
262.0 -80.3484512108 95.7555553895 0.0 229.0
261.0 -83.5623892592 99.5857776052 0.0 222.8
260.0 -86.7763273077 103.415999821 0.0 220.3
259.0 -89.9902653562 107.246222036 0.0 225.9
258.0 -93.2042034047 111.076444252 0.0 255.8
14.0 -96.4181414532 114.906666468 0.0 281.4
44.0 -15.0 25.9807621136 0.0 389.7
303.0 -17.5 30.3108891325 0.0 319.1
302.0 -20.0 34.6410161514 0.0 279.1
301.0 -22.5 38.9711431703 0.0 231.9
300.0 -25.0 43.3012701892 0.0 187.4
299.0 -27.5 47.6313972081 0.0 160.0
298.0 -30.0 51.9615242271 0.0 154.8
297.0 -32.5 56.291651246 0.0 160.1
296.0 -35.0 60.6217782648 0.0 176.9
295.0 -37.5 64.9519052837 0.0 199.8
294.0 -40.0 69.2820323026 0.0 222.7
293.0 -42.4999999999 73.6121593214 0.0 241.5
292.0 -44.9999999999 77.9422863403 0.0 258.7
291.0 -47.4999999999 82.2724133592 0.0 272.1
290.0 -49.9999999999 86.6025403782 0.0 279.7
289.0 -52.4999999999 90.9326673971 0.0 280.0
288.0 -55.0 95.262794416 0.0 271.2
287.0 -57.5 99.5929214349 0.0 258.1
286.0 -60.0 103.923048454 0.0 243.7
285.0 -62.5 108.253175473 0.0 232.6
284.0 -65.0 112.583302492 0.0 229.6
283.0 -67.5 116.913429511 0.0 227.3
282.0 -70.0000000001 121.24355653 0.0 224.8
281.0 -72.5000000001 125.573683549 0.0 248.3
15.0 -75.0000000002 129.903810568 0.0 275.2
43.0 -10.2606042997 28.1907786236 0.0 390.6
326.0 -11.9707050164 32.8892417275 0.0 318.8
325.0 -13.680805733 37.5877048314 0.0 287.9
324.0 -15.3909064496 42.2861679354 0.0 240.0
323.0 -17.1010071663 46.9846310393 0.0 188.3
322.0 -18.8111078829 51.6830941432 0.0 155.3
321.0 -20.5212085995 56.3815572472 0.0 147.6
320.0 -22.2313093162 61.0800203511 0.0 152.7
319.0 -23.9414100328 65.7784834549 0.0 173.6
318.0 -25.6515107494 70.4769465588 0.0 199.8
317.0 -27.361611466 75.1754096627 0.0 224.8
316.0 -29.0717121826 79.8738727666 0.0 245.3
315.0 -30.7818128993 84.5723358704 0.0 262.9
314.0 -32.4919136159 89.2707989744 0.0 276.8
313.0 -34.2020143325 93.9692620783 0.0 284.4
312.0 -35.9121150492 98.6677251822 0.0 283.4
311.0 -37.6222157658 103.366188286 0.0 274.1
310.0 -39.3323164824 108.06465139 0.0 260.5
309.0 -41.0424171991 112.763114494 0.0 244.1
308.0 -42.7525179157 117.461577598 0.0 233.8
307.0 -44.4626186323 122.160040702 0.0 233.2
306.0 -46.172719349 126.858503806 0.0 231.3
305.0 -47.8828200656 131.55696691 0.0 225.5
304.0 -49.5929207823 136.255430014 0.0 243.7
16.0 -51.303021499 140.953893118 0.0 272.0
42.0 -5.20944532999 29.5442325904 0.0 391.2
349.0 -6.07768621833 34.4682713554 0.0 318.1
348.0 -6.94592710667 39.3923101205 0.0 293.9
347.0 -7.814167995 44.3163488856 0.0 246.1
346.0 -8.68240888334 49.2403876506 0.0 189.1
345.0 -9.55064977168 54.1644264157 0.0 152.2
344.0 -10.41889066 59.0884651807 0.0 142.9
343.0 -11.2871315484 64.0125039458 0.0 147.9
342.0 -12.1553724367 68.9365427108 0.0 171.7
341.0 -13.023613325 73.8605814758 0.0 200.1
340.0 -13.8918542133 78.7846202408 0.0 226.4
339.0 -14.7600951017 83.7086590058 0.0 248.3
338.0 -15.62833599 88.6326977708 0.0 266.7
337.0 -16.4965768783 93.5567365359 0.0 281.1
336.0 -17.3648177667 98.4807753009 0.0 288.5
335.0 -18.233058655 103.404814066 0.0 286.1
334.0 -19.1012995433 108.328852831 0.0 276.2
333.0 -19.9695404317 113.252891596 0.0 261.8
332.0 -20.83778132 118.176930361 0.0 244.5
331.0 -21.7060222084 123.100969126 0.0 235.6
330.0 -22.5742630967 128.025007891 0.0 234.6
329.0 -23.442503985 132.949046656 0.0 232.5
328.0 -24.3107448734 137.873085422 0.0 226.9
327.0 -25.1789857617 142.797124187 0.0 240.8
17.0 -26.0472266501 147.721162952 0.0 269.6
